0 0 0.228224 0 0 0 0 0 0 0 0
1 0 0.0899743 0 0 0 0 14.55 8.91 100 0
1 0 0.179019 0 0 0 0 15.8 10.81 100 0
1 0 0.22348 0 0 0 0 14.85 9 100 0
1 0 0.0889488 0 0 0 0 14.43 8.91 100 0
0 0 0.157955 0 0 0 0 0 0 0 0
1 0 0.24252 0 0 0 0 15.63 10.61 88.89 0
1 0 0.222388 0 0 0 0 0 0 0 0
1 1 0.250163 0 0 0 0 14.85 9.03 0 0
0 0 0.229275 0 0 0 0 0 0 0 0
1 0 0.164286 0 0 0 0 15.61 10.24 100 0
0 0 0.0932145 0 0 0 0 0 0 0 0
0 0 0.195568 0 0 0 0 0 0 0 0
1 0 0.440262 0 0 0 0 15.32 10.03 100 0
0 0 0.213418 0 0 0 0 0 0 0 0
0 0 0.159667 0 0 0 0 0 0 0 0
0 0 0.213785 0 0 0 0 0 0 0 0
1 0 0.181388 0 0 0 0 15.56 10.24 100 0
1 1 0.176752 0 0 0 0 14.29 8.69 100 0
1 1 0.282837 0 0 0 0 10.09 5.59 33.33 0
1 1 0.322954 0 0 0 0 14.7 9.05 52 0
0 0 0.261621 0 0 0 0 0 0 0 0
1 1 0.204112 0 0 0 0 19.04 12.72 90 0
0 0 0.245324 0 0 0 0 0 0 0 0
1 1 0.111001 0 0 0 0 14.33 8.77 85.71 0
1 0 0.23589 0 0 0 0 15.77 10.63 100 0
1 0 0.218524 0 0 0 0 16.07 11.1 84.62 0
0 0 0.240469 0 0 0 0 0 0 0 0
0 0 0.355932 0 0 0 0 0 0 0 0
0 0 0.0707237 0 0 0 0 0 0 0 0
1 1 0.1625 0 0 0 0 15.06 9.81 100 0
1 0 0.196078 0 0 0 0 15.38 10.15 100 0
0 0 0.0833333 0 0 0 0 0 0 0 0
0 0 0.291897 0 0 0 0 0 0 0 0
1 0 0.231203 0 0 0 0 15.36 10.06 100 0
1 0 0.215517 0 0 0 0 15.55 10.39 100 0
0 0 0.20501 0 0 0 0 0 0 0 0
0 0 0.0463544 0 0 0 0 0 0 0 0
0 0 0.264091 0 0 0 0 0 0 0 0
0 0 0.255747 0 0 0 0 0 0 0 0
0 0 0.13017 0 0 0 0 0 0 0 0
0 0 0.161662 0 0 0 0 0 0 0 0
1 1 0.160828 0 0 0 0 15.22 9.81 100 0
0 0 0.0912191 0 0 0 0 0 0 0 0
1 0 0.293568 0 0 0 0 14.5 8.56 46.67 0
0 0 0.175893 0 0 0 0 0 0 0 0
1 0 0.254839 0 0 0 0 14.95 9.5 100 0
1 1 0.206413 0 0 0 0 15.52 10.48 100 0
0 0 0.0848329 0 0 0 0 0 0 0 0
1 0 0.132743 0 0 0 0 15.07 9.89 100 0
0 0 0.195604 0 0 0 0 0 0 0 0
0 0 0.262332 0 0 0 0 0 0 0 0
0 0 0.169146 0 0 0 0 0 0 0 0
1 0 0.0899123 0 0 0 0 14.52 8.91 100 0
1 0 0.199659 0 0 0 0 15.44 10.58 100 0
0 0 0.0786241 0 0 0 0 0 0 0 0
0 0 0.162591 0 0 0 0 0 0 0 0
0 0 0.237006 0 0 0 0 0 0 0 0
0 0 0.159013 0 0 0 0 0 0 0 0
1 0 0.209677 0 0 0 0 15.67 10.2 100 0
1 1 0.194379 0 0 0 0 15.64 10.13 40 0
0 0 0.297159 0 0 0 0 0 0 0 0
1 0 0.160804 0 0 0 0 14.96 10.15 100 0
1 0 0.229068 0 0 0 0 15.71 10.58 100 0
1 0 0.253894 0 0 0 0 15.43 10.64 100 0
1 0 0.249369 0 0 0 0 10.99 5.91 78.95 0
0 0 0.213426 0 0 0 0 0 0 0 0
0 0 0.196608 0 0 0 0 0 0 0 0
1 0 0.195039 0 0 0 0 15.5 9.37 83.33 0
1 1 0.182158 0 0 0 0 15.36 9.23 0 0
1 0 0.247031 0 0 0 0 14.79 9.15 100 0
0 0 0.0842072 0 0 0 0 0 0 0 0
0 0 0.214347 0 0 0 0 0 0 0 0
1 0 0.125646 0 0 0 0 0 0 0 0
0 0 0.241935 0 0 0 0 0 0 0 0
1 0 0.204797 0 0 0 0 15.45 10.48 100 0
0 0 0.158216 0 0 0 0 0 0 0 0
1 1 0.234277 0 0 0 0 16.14 11.04 100 0
1 0 0.23646 0 0 0 0 14.86 9.27 78.57 0
1 1 0.113553 0 0 0 0 14.33 8.77 75 0
1 0 0.158061 0 0 0 0 14.9 9.18 40 0
0 0 0.190411 0 0 0 0 0 0 0 0
1 0 0.242637 0 0 0 0 15.56 10.16 100 0
0 0 0.114498 0 0 0 0 0 0 0 0
0 0 0.0857788 0 0 0 0 0 0 0 0
1 1 0.286268 0 0 0 0 16.79 12.11 100 0
1 0 0.259864 0 0 0 0 15.81 11.38 100 0
1 1 0.226103 0 0 0 0 15.59 10.48 100 0
0 0 0.0473709 0 0 0 0 0 0 0 0
0 0 0.171742 0 0 0 0 0 0 0 0
1 1 0.188333 0 0 0 0 15.52 10.15 100 0
1 1 0.204778 0 0 0 0 15.81 10.81 100 0
1 1 0.164234 0 0 0 0 15.36 10.22 100 0
0 0 0.0660563 0 0 0 0 0 0 0 0
0 0 0 0 0 0 0 0 0 0 0
1 0 0.203613 0 0 0 0 15.34 10.58 100 0
1 1 0.204023 0 0 0 0 15.1 9.72 77.78 0
1 0 0.174588 0 0 0 0 15.66 9.74 100 0
0 0 0.155 0 0 0 0 0 0 0 0
1 0 0.202652 0 0 0 0 14.82 9.22 100 0
0 0 0.0888554 0 0 0 0 0 0 0 0
1 1 0.293562 0 0 0 0 14.31 8.79 0 0
1 0 0.202147 0 0 0 0 15.55 10.24 100 0
0 0 0.13698 0 0 0 0 0 0 0 0
1 1 0.212846 0 0 0 0 14.79 8.98 100 0
1 1 0.296388 0 0 0 0 15.94 9.5 67.44 0
1 1 0.141559 0 0 0 0 15.98 10.68 80 0
0 0 0.253099 0 0 0 0 0 0 0 0
0 0 0.12012 0 0 0 0 0 0 0 0
1 0 0.216721 0 0 0 0 14.94 9.02 37.5 0
1 1 0.225641 0 0 0 0 15.42 9.94 92.31 0
1 0 0.187328 0 0 0 0 15.77 10.81 83.33 0
1 0 0.234647 0 0 0 0 15.99 10.87 100 0
1 0 0.200725 0 0 0 0 14.74 9.21 100 0
1 1 0.225175 0 0 0 0 14.6 9.01 57.14 0
1 0 0.0540806 0 0 0 0 15.16 9.33 100 0
