0.228224 0.708287 0.188196 0.085602 0.118351
0.089974 0.666045 0.266805 0.012717 0.017313
0.179019 0.645605 0.260322 0.061635 0.086006
0.223480 0.667048 0.214274 0.060744 0.082407
0.088949 0.650932 0.269757 0.012461 0.017354
0.157955 0.655555 0.214883 0.043793 0.064867
0.242520 0.696347 0.262031 0.064896 0.091771
0.222388 0.647758 0.259101 0.074431 0.106620
0.250163 0.727752 0.144732 0.086152 0.118001
0.229275 0.674844 0.205789 0.082637 0.119589
0.164286 0.653567 0.187430 0.038172 0.046385
0.093215 0.622867 0.250227 0.033291 0.046879
0.195568 0.643371 0.163857 0.045279 0.061342
0.440262 0.755456 0.272162 0.152010 0.213257
0.213418 0.677496 0.187246 0.063462 0.088847
0.159667 0.679960 0.254845 0.041858 0.058350
0.213785 0.677845 0.216381 0.096648 0.134300
0.181388 0.649441 0.238570 0.064752 0.091512
0.176752 0.650267 0.144741 0.020271 0.025605
0.282837 0.689385 0.275937 0.148633 0.186080
0.322954 0.689906 0.264602 0.097826 0.145257
0.261621 0.727321 0.321486 0.158981 0.184620
0.204112 0.682159 0.209433 0.059783 0.082720
0.245324 0.700597 0.176653 0.104454 0.143324
0.111001 0.612240 0.110880 0.022635 0.031272
0.235890 0.678668 0.220701 0.054169 0.072477
0.218524 0.690519 0.213430 0.076043 0.103226
0.240469 0.676351 0.209074 0.079260 0.110137
0.355932 0.718011 0.251641 0.110391 0.159754
0.070724 0.617218 0.225992 0.005936 0.008101
0.162500 0.673662 0.174646 0.013874 0.019242
0.196078 0.693112 0.247081 0.047101 0.064489
0.083333 0.645298 0.257838 0.024289 0.033808
0.291897 0.722828 0.170403 0.105802 0.142598
0.231203 0.691881 0.350096 0.110911 0.148242
0.215517 0.691036 0.241162 0.057034 0.077119
0.205010 0.709998 0.147317 0.081331 0.109620
0.046354 0.608671 0.330895 0.007885 0.011034
0.264091 0.716223 0.269529 0.051307 0.074975
0.255747 0.660847 0.228684 0.085267 0.120974
0.130170 0.632781 0.213859 0.036317 0.047095
0.161662 0.661847 0.255515 0.044574 0.065900
0.160828 0.682152 0.229890 0.053273 0.070282
0.091219 0.704850 0.159325 0.035147 0.050041
0.293568 0.694779 0.244140 0.172359 0.223393
0.175893 0.679111 0.230533 0.052521 0.069602
0.254839 0.700191 0.253920 0.084453 0.124135
0.206413 0.685322 0.209090 0.049487 0.067001
0.084833 0.633976 0.171502 0.020241 0.029976
0.132743 0.649350 0.343081 0.022292 0.030240
0.195604 0.693103 0.234686 0.062506 0.087189
0.262332 0.695791 0.238461 0.122660 0.160519
0.169146 0.701580 0.262734 0.070240 0.094715
0.089912 0.663335 0.266826 0.014392 0.019216
0.199659 0.681025 0.243501 0.063872 0.091617
0.078624 0.620579 0.232922 0.021612 0.026688
0.162591 0.655207 0.234277 0.049526 0.063053
0.237006 0.705641 0.267713 0.120782 0.149161
0.159013 0.648484 0.206802 0.038026 0.049943
0.209677 0.668227 0.241224 0.037706 0.048261
0.194379 0.662052 0.253764 0.051997 0.070152
0.297159 0.718071 0.201446 0.087072 0.130867
0.160804 0.693487 0.368615 0.075510 0.107108
0.229068 0.668150 0.286111 0.042777 0.054236
0.253894 0.693597 0.235767 0.083691 0.125415
0.249369 0.694043 0.178021 0.051463 0.070348
0.213426 0.693210 0.156274 0.030018 0.045822
0.196608 0.693435 0.211394 0.069981 0.100289
0.195039 0.664496 0.216595 0.047050 0.063231
0.182158 0.678300 0.189248 0.072011 0.100636
0.247031 0.678772 0.206035 0.097225 0.128293
0.084207 0.702687 0.152258 0.026856 0.042547
0.214347 0.665278 0.246508 0.087240 0.117211
0.125646 0.662617 0.176254 0.042068 0.057934
0.241935 0.699434 0.186934 0.050864 0.062386
0.204797 0.693500 0.264212 0.089755 0.113863
0.158216 0.678951 0.245832 0.062969 0.082860
0.234277 0.695759 0.265897 0.082803 0.110122
0.236460 0.718525 0.267273 0.070705 0.102422
0.113553 0.622940 0.115959 0.022740 0.032829
0.158061 0.630535 0.178449 0.020811 0.028903
0.190411 0.712198 0.206118 0.062417 0.083518
0.242637 0.702130 0.209706 0.113889 0.148382
0.114498 0.629931 0.194141 0.031009 0.042188
0.085779 0.681747 0.150256 0.015840 0.022363
0.286268 0.732618 0.301941 0.120232 0.166175
0.259864 0.699491 0.260739 0.101481 0.142263
0.226103 0.706854 0.287664 0.117970 0.149814
0.047371 0.594577 0.181760 0.006856 0.009128
0.171742 0.657106 0.190618 0.054863 0.078324
0.188333 0.653739 0.178361 0.049330 0.068106
0.204778 0.691167 0.206970 0.096632 0.121954
0.164234 0.680035 0.177480 0.029888 0.045152
0.066056 0.601133 0.197008 0.013168 0.016879
0.000000 0.000000 0.250000 0.000000 0.000000
0.203613 0.694973 0.215889 0.051312 0.065257
0.204023 0.671751 0.114190 0.056141 0.074589
0.174588 0.644162 0.233759 0.032842 0.045260
0.155000 0.665736 0.198082 0.081454 0.113625
0.202652 0.685245 0.194978 0.059378 0.080243
0.088855 0.632858 0.350542 0.033838 0.043367
0.293562 0.716141 0.251064 0.097821 0.148692
0.202147 0.678570 0.181224 0.041286 0.053108
0.136980 0.674804 0.192392 0.041348 0.058787
0.212846 0.654312 0.131821 0.041855 0.056092
0.296388 0.705925 0.220339 0.115935 0.153027
0.141559 0.644822 0.213414 0.023477 0.030587
0.253099 0.698984 0.205979 0.119123 0.159845
0.120120 0.675902 0.204045 0.060348 0.088765
0.216721 0.653349 0.179439 0.061481 0.083038
0.225641 0.660682 0.186789 0.058313 0.086605
0.187328 0.655133 0.284542 0.051935 0.069306
0.234647 0.672106 0.248826 0.069268 0.093952
0.200725 0.665271 0.205437 0.041211 0.062167
0.225175 0.721030 0.261773 0.078824 0.114114
0.054081 0.602777 0.214685 0.003027 0.004291
AVERAGE 0.191167 0.669214 0.223480 0.061337 0.083727
