0.200397 0.657379 0.186265 0.029714 0.045880
0.200397 0.657379 0.186265 0.029714 0.045880
0.200397 0.657379 0.186265 0.029714 0.045880
0.216560 0.657648 0.189753 0.052096 0.073854
0.211812 0.722111 0.262108 0.092903 0.124785
0.126271 0.678542 0.228414 0.010745 0.014784
0.131646 0.671888 0.217579 0.011110 0.015336
0.188988 0.677791 0.278874 0.043764 0.065119
0.143336 0.622888 0.213485 0.027843 0.039541
0.050687 0.684612 0.231077 0.031774 0.046798
0.051457 0.692705 0.176950 0.019456 0.029714
0.129610 0.764400 0.262146 0.071280 0.086951
0.369318 0.809596 0.354080 0.216409 0.257385
0.247788 0.706229 0.298952 0.067410 0.078933
0.386768 0.745122 0.537191 0.203803 0.236753
0.102101 0.661096 0.266867 0.016582 0.024525
0.226475 0.721442 0.203474 0.059528 0.082634
0.140810 0.695372 0.139695 0.026570 0.046880
0.421053 0.754957 0.208584 0.103386 0.117731
0.341924 0.741910 0.330674 0.118508 0.133740
0.222598 0.672659 0.198453 0.081490 0.112447
0.112430 0.656259 0.283231 0.059332 0.082215
0.161664 0.734453 0.184509 0.083653 0.110881
0.162693 0.663128 0.217085 0.031422 0.040861
0.086560 0.636565 0.264860 0.014082 0.016708
0.081319 0.626066 0.264806 0.010956 0.014692
0.240497 0.733024 0.290560 0.059074 0.064262
0.123572 0.718537 0.267366 0.030575 0.030547
0.221945 0.699543 0.185497 0.098191 0.132741
0.174436 0.663729 0.146562 0.033304 0.044731
0.204771 0.691960 0.354842 0.092559 0.104302
0.151332 0.675070 0.264753 0.044928 0.050361
0.213304 0.700657 0.143194 0.055288 0.068628
0.268966 0.690469 0.227658 0.116199 0.168488
0.276146 0.718121 0.261775 0.110274 0.126688
0.155936 0.680690 0.158663 0.042117 0.052762
0.320034 0.713731 0.207798 0.087701 0.131126
0.061308 0.654220 0.396229 0.069317 0.082807
0.201646 0.654572 0.218409 0.005288 0.009035
0.162349 0.644300 0.264293 0.026803 0.041269
0.209524 0.697897 0.281717 0.055160 0.077095
0.045899 0.667218 0.196634 0.012486 0.019226
0.351641 0.765480 0.293688 0.244686 0.314249
0.260051 0.694515 0.203434 0.053771 0.084358
0.223752 0.687841 0.289476 0.053879 0.107639
0.263261 0.716812 0.225541 0.100345 0.145964
0.251467 0.699229 0.163169 0.064842 0.126796
0.206332 0.692700 0.124494 0.042679 0.060653
0.154632 0.667806 0.234055 0.070814 0.099480
0.118280 0.704963 0.269330 0.030329 0.041259
0.186257 0.750526 0.093194 0.048637 0.065796
0.186594 0.744538 0.093194 0.048637 0.065796
0.206612 0.740517 0.099336 0.057693 0.076147
0.264234 0.753515 0.205124 0.107253 0.158233
0.206074 0.666902 0.151761 0.031606 0.042762
0.141463 0.700005 0.368033 0.047342 0.063349
0.095700 0.676781 0.342050 0.030610 0.045481
0.248427 0.709514 0.213424 0.095296 0.134322
0.070694 0.611726 0.187054 0.025103 0.033684
0.165919 0.689547 0.281012 0.025558 0.041962
0.149038 0.600159 0.273928 0.003927 0.006010
0.152866 0.612413 0.273928 0.003927 0.006010
0.093851 0.622472 0.280215 0.004152 0.006122
0.093851 0.623586 0.280215 0.004152 0.006122
0.114914 0.670421 0.299639 0.005755 0.008634
0.101737 0.648721 0.299639 0.005755 0.008634
0.236573 0.671757 0.253458 0.096741 0.127634
0.158458 0.653018 0.319619 0.018241 0.030957
0.174100 0.660841 0.130538 0.069455 0.106943
0.216912 0.684346 0.186515 0.044852 0.069336
0.164049 0.643908 0.249955 0.053899 0.087668
0.188849 0.642618 0.266200 0.039852 0.071341
0.200319 0.650496 0.215808 0.043195 0.074024
0.173669 0.656360 0.219559 0.058094 0.088167
0.203922 0.693606 0.381187 0.090520 0.129122
0.204218 0.649116 0.257591 0.028268 0.045616
0.206573 0.672196 0.241701 0.031363 0.050945
0.160752 0.632449 0.143822 0.025603 0.046989
0.190960 0.643882 0.206529 0.040551 0.067803
0.201835 0.642863 0.108230 0.040464 0.076063
0.217708 0.690194 0.198829 0.062402 0.107121
0.154040 0.719060 0.506793 0.054694 0.089172
0.236520 0.734600 0.126866 0.051623 0.072030
0.045899 0.670363 0.196634 0.012486 0.019226
0.305285 0.758904 0.285946 0.248422 0.325225
0.273280 0.738369 0.193119 0.132508 0.188185
0.255639 0.693159 0.203413 0.052863 0.083381
0.223752 0.687841 0.289476 0.053879 0.107639
0.263261 0.716812 0.225541 0.100345 0.145964
0.251467 0.699229 0.163169 0.064842 0.126796
0.206332 0.692379 0.124494 0.042679 0.060653
0.154632 0.668019 0.234055 0.070814 0.099480
0.118280 0.704963 0.269330 0.030329 0.041259
0.186257 0.750526 0.093194 0.048637 0.065796
0.186594 0.744538 0.093194 0.048637 0.065796
0.206612 0.740517 0.099336 0.057693 0.076147
0.264234 0.753515 0.205124 0.107253 0.158233
0.206074 0.666902 0.151761 0.031606 0.042762
0.141463 0.700005 0.368033 0.047342 0.063349
0.095700 0.677211 0.342050 0.030610 0.045481
0.246779 0.710363 0.213424 0.095296 0.134322
0.070051 0.609689 0.187054 0.025103 0.033684
0.165919 0.689547 0.281012 0.025558 0.041962
0.149038 0.600159 0.273928 0.003927 0.006010
0.152866 0.612413 0.273928 0.003927 0.006010
0.093851 0.622472 0.280215 0.004152 0.006122
0.093851 0.623586 0.280215 0.004152 0.006122
0.114914 0.670421 0.299639 0.005755 0.008634
0.101737 0.648721 0.299639 0.005755 0.008634
0.236573 0.671757 0.253458 0.096741 0.127634
0.158458 0.653018 0.319619 0.018241 0.030957
0.174100 0.660471 0.130538 0.069455 0.106943
0.216912 0.684346 0.186515 0.044852 0.069336
0.141706 0.633046 0.247988 0.043551 0.072976
0.188849 0.642618 0.266200 0.039852 0.071341
0.200319 0.650065 0.215808 0.043195 0.074024
0.173669 0.656360 0.219559 0.058094 0.088167
0.203922 0.693606 0.381187 0.090520 0.129122
0.204218 0.649116 0.257591 0.028268 0.045616
0.206573 0.672196 0.241701 0.031363 0.050945
0.159708 0.632157 0.143822 0.025603 0.046989
0.190960 0.643882 0.206529 0.040551 0.067803
0.201835 0.642863 0.108230 0.040464 0.076063
0.217708 0.690194 0.198829 0.062402 0.107121
0.154040 0.719060 0.506793 0.054694 0.089172
0.236880 0.735027 0.126866 0.051623 0.072030
0.174046 0.665463 0.116272 0.035780 0.058430
0.201219 0.663363 0.171079 0.039992 0.062195
0.307438 0.710646 0.283663 0.117806 0.163119
0.257368 0.728935 0.178587 0.092470 0.119437
0.203833 0.691736 0.230705 0.088126 0.107006
0.144357 0.714844 0.289605 0.014310 0.020913
0.167476 0.704710 0.288267 0.091972 0.118759
0.200642 0.654543 0.187343 0.041607 0.055534
0.188547 0.676887 0.374338 0.068739 0.097042
0.204861 0.678781 0.330433 0.072070 0.104756
0.189189 0.660101 0.200831 0.027801 0.032486
0.249027 0.660656 0.159472 0.033207 0.043079
0.209898 0.652102 0.193674 0.028016 0.034652
0.175000 0.668272 0.219350 0.034332 0.046803
0.170591 0.729569 0.328407 0.090599 0.109318
0.178826 0.709969 0.276542 0.096725 0.122345
0.057647 0.611223 0.221299 0.014408 0.022446
0.111620 0.724853 0.234133 0.055262 0.073386
0.266004 0.660615 0.268436 0.061571 0.085571
0.169960 0.675899 0.209807 0.033339 0.045672
0.192360 0.678074 0.238843 0.054387 0.068791
0.255688 0.667527 0.295732 0.092386 0.121230
0.200000 0.670214 0.227302 0.058121 0.071497
0.251222 0.694297 0.303215 0.122414 0.158710
0.079306 0.633388 0.349679 0.038261 0.051033
0.139601 0.642449 0.139787 0.055922 0.075573
0.167243 0.640183 0.158962 0.064408 0.089639
0.216744 0.652737 0.156418 0.033572 0.051995
0.240209 0.667786 0.139795 0.019254 0.026927
0.119266 0.636485 0.203509 0.011515 0.016045
0.162876 0.713644 0.179569 0.037019 0.052667
0.242424 0.687274 0.187557 0.053889 0.082600
0.139601 0.642449 0.139787 0.055922 0.075573
0.167243 0.640183 0.158962 0.064408 0.089639
0.216744 0.652737 0.156418 0.033572 0.051995
0.240209 0.667786 0.139795 0.019254 0.026927
0.119266 0.636485 0.203509 0.011515 0.016045
0.162876 0.713644 0.179569 0.037019 0.052667
0.242424 0.687274 0.187557 0.053889 0.082600
0.139601 0.642449 0.139787 0.055922 0.075573
0.167243 0.640183 0.158962 0.064408 0.089639
0.216744 0.652737 0.156418 0.033572 0.051995
0.240209 0.667786 0.139795 0.019254 0.026927
0.119266 0.636485 0.203509 0.011515 0.016045
0.162876 0.713644 0.179569 0.037019 0.052667
0.242424 0.687274 0.187557 0.053889 0.082600
0.139601 0.642449 0.139787 0.055922 0.075573
0.167243 0.640183 0.158962 0.064408 0.089639
0.216744 0.652737 0.156418 0.033572 0.051995
0.240209 0.667786 0.139795 0.019254 0.026927
0.119266 0.636485 0.203509 0.011515 0.016045
0.162876 0.713644 0.179569 0.037019 0.052667
0.242424 0.687274 0.187557 0.053889 0.082600
0.139601 0.642449 0.139787 0.055922 0.075573
0.167243 0.640183 0.158962 0.064408 0.089639
0.216744 0.652737 0.156418 0.033572 0.051995
0.240209 0.667786 0.139795 0.019254 0.026927
0.119266 0.636485 0.203509 0.011515 0.016045
0.162876 0.713644 0.179569 0.037019 0.052667
0.242424 0.687274 0.187557 0.053889 0.082600
0.190448 0.727123 0.305359 0.109706 0.153860
0.250653 0.695356 0.261172 0.105881 0.155029
0.132953 0.654944 0.255131 0.052180 0.069009
0.276864 0.716707 0.336667 0.106950 0.151069
0.198874 0.680221 0.278146 0.094168 0.130728
0.191956 0.689045 0.243162 0.021156 0.025510
0.110689 0.655771 0.344347 0.053114 0.071062
0.069841 0.616165 0.636360 0.073965 0.096268
0.176211 0.707135 0.292048 0.059511 0.085703
0.206954 0.677939 0.168535 0.080286 0.112949
0.227273 0.712745 0.183111 0.084144 0.118574
0.073885 0.605174 0.334364 0.012227 0.021219
0.065130 0.630564 0.276616 0.044207 0.055168
0.067482 0.684070 0.152883 0.007695 0.011297
0.071493 0.662075 0.234858 0.022683 0.034198
0.088409 0.628174 0.365949 0.026713 0.039020
0.051759 0.651299 0.175395 0.008958 0.012715
0.057893 0.640419 0.283689 0.021255 0.029313
0.097808 0.683568 0.286000 0.027618 0.042492
0.253788 0.678166 0.175189 0.051965 0.081671
0.096110 0.628173 0.105329 0.010131 0.021357
0.069179 0.613325 0.146550 0.002260 0.004772
0.199074 0.730005 0.324880 0.164220 0.213739
0.278182 0.692780 0.262278 0.029946 0.050928
0.230324 0.671598 0.265179 0.064630 0.095082
0.418550 0.835275 0.185469 0.067005 0.094738
0.240536 0.764713 0.237099 0.098436 0.126170
0.173239 0.655484 0.304301 0.051038 0.072198
0.063407 0.601802 0.278940 0.006484 0.008406
0.235018 0.700121 0.155804 0.075003 0.097499
0.262952 0.699279 0.216450 0.083766 0.119349
0.213318 0.646127 0.122316 0.009114 0.012966
0.210376 0.651429 0.130759 0.008700 0.012262
0.392903 0.763110 0.300936 0.204265 0.228157
0.242568 0.735314 0.185655 0.114985 0.142252
0.406598 0.741353 0.089773 0.101906 0.152108
0.201581 0.674557 0.230373 0.010143 0.014776
0.173824 0.649026 0.294143 0.004567 0.008288
0.163302 0.684565 0.207831 0.052362 0.063447
0.180282 0.685177 0.191806 0.058798 0.076222
0.271111 0.682406 0.175836 0.094879 0.119617
0.194272 0.668822 0.256719 0.058748 0.087840
0.128929 0.673181 0.158397 0.034116 0.046408
0.184100 0.667642 0.242070 0.075585 0.111157
0.163302 0.684042 0.207831 0.052362 0.063447
0.180282 0.685177 0.191806 0.058798 0.076222
0.270115 0.684977 0.169461 0.081910 0.103740
0.194272 0.668822 0.256719 0.058748 0.087840
0.128929 0.672316 0.158397 0.034116 0.046408
0.184100 0.667642 0.242070 0.075585 0.111157
0.163302 0.684098 0.207831 0.052362 0.063447
0.180282 0.685177 0.191806 0.058798 0.076222
0.271111 0.682635 0.175836 0.094879 0.119617
0.194272 0.668822 0.256719 0.058748 0.087840
0.128396 0.672524 0.158397 0.034116 0.046408
0.184100 0.667642 0.242070 0.075585 0.111157
0.136659 0.641432 0.234924 0.024045 0.032315
0.135802 0.634271 0.292905 0.051212 0.070862
0.136659 0.641388 0.234924 0.024045 0.032315
0.135802 0.634271 0.292905 0.051212 0.070862
0.179126 0.659963 0.199846 0.057552 0.091823
0.238624 0.668730 0.177448 0.064349 0.097683
0.113076 0.611969 0.173740 0.013129 0.024004
0.181017 0.671224 0.183326 0.022494 0.039733
0.214218 0.672529 0.269544 0.039861 0.061139
0.097159 0.680220 0.231682 0.037317 0.056086
0.211856 0.696434 0.254944 0.102677 0.141442
0.170652 0.673872 0.343169 0.097044 0.133678
0.139175 0.670888 0.314589 0.026247 0.037338
0.138113 0.641002 0.245872 0.037277 0.066775
0.115142 0.630339 0.359438 0.014191 0.026493
0.112853 0.635220 0.359438 0.014191 0.026493
0.112853 0.637182 0.359438 0.014191 0.026493
0.114420 0.635242 0.359438 0.014191 0.026493
0.159204 0.617390 0.250074 0.061216 0.100434
0.278529 0.771242 0.101530 0.192151 0.257731
0.295794 0.731104 0.255590 0.140157 0.192291
0.220065 0.715694 0.345910 0.138973 0.191380
0.139175 0.670888 0.314589 0.026247 0.037338
0.138113 0.640026 0.245872 0.037277 0.066775
0.098321 0.612114 0.293990 0.042990 0.075335
0.274016 0.761346 0.121579 0.176759 0.241901
0.248304 0.718412 0.227856 0.127634 0.186394
0.164733 0.641324 0.088410 0.054954 0.083615
0.165187 0.668037 0.135965 0.037655 0.055554
0.164733 0.641324 0.088410 0.054954 0.083615
0.165187 0.668037 0.135965 0.037655 0.055554
0.195946 0.655214 0.231111 0.057036 0.085654
0.164733 0.641324 0.088410 0.054954 0.083615
0.165187 0.668037 0.135965 0.037655 0.055554
0.195946 0.655214 0.231111 0.057036 0.085654
0.206682 0.684592 0.184477 0.086923 0.121818
0.296250 0.710029 0.216854 0.057076 0.088404
0.000000 0.000000 0.250000 0.000000 0.000000
0.127392 0.715092 0.524996 0.078717 0.086309
0.228223 0.716507 0.262518 0.070382 0.089835
0.182432 0.712781 0.292224 0.074983 0.085863
0.246175 0.676602 0.199674 0.059108 0.080477
0.226727 0.686012 0.206698 0.072240 0.098650
0.172705 0.692810 0.309400 0.042832 0.056328
0.322050 0.754694 0.215474 0.129983 0.152534
0.231018 0.682024 0.276622 0.048254 0.065284
0.206682 0.684637 0.184477 0.086923 0.121818
0.296250 0.710029 0.216854 0.057076 0.088404
0.000000 0.000000 0.250000 0.000000 0.000000
0.128599 0.713468 0.524996 0.078717 0.086309
0.097345 0.623454 0.227864 0.030787 0.038408
0.128737 0.689501 0.210909 0.036431 0.044342
0.196687 0.749465 0.214724 0.060268 0.068870
0.199732 0.683619 0.324673 0.121459 0.159038
0.090615 0.625326 0.224449 0.022707 0.028284
0.128599 0.689702 0.231468 0.044244 0.054462
0.196013 0.753313 0.214724 0.060268 0.068870
0.199732 0.683619 0.324673 0.121459 0.159038
0.072414 0.639089 0.287205 0.052596 0.069198
0.240574 0.745583 0.375602 0.154953 0.182138
0.226960 0.678977 0.209257 0.037849 0.054372
0.239362 0.699733 0.236555 0.062461 0.093082
0.217723 0.704645 0.255528 0.081874 0.116716
0.245014 0.659025 0.226155 0.040693 0.061065
0.126899 0.675542 0.384757 0.040975 0.048963
0.285992 0.764671 0.463420 0.142136 0.174922
0.248181 0.743223 0.215242 0.107135 0.160953
0.258300 0.709307 0.206047 0.100388 0.142753
0.254276 0.702587 0.164543 0.076768 0.108465
0.264063 0.701926 0.223770 0.096958 0.132926
0.240574 0.745583 0.375602 0.154953 0.182138
0.226960 0.678977 0.209257 0.037849 0.054372
0.239362 0.699733 0.236555 0.062461 0.093082
0.218897 0.705399 0.255528 0.081874 0.116716
0.265116 0.671446 0.227455 0.056818 0.081555
0.126899 0.674996 0.384757 0.040975 0.048963
0.285992 0.764671 0.463420 0.142136 0.174922
0.247817 0.742877 0.215242 0.107135 0.160953
0.264867 0.709598 0.203847 0.102088 0.143794
0.257310 0.704651 0.156427 0.078873 0.111266
0.261719 0.701267 0.224028 0.095887 0.132690
0.240574 0.745583 0.375602 0.154953 0.182138
0.226960 0.678977 0.209257 0.037849 0.054372
0.239362 0.699733 0.236555 0.062461 0.093082
0.218897 0.705040 0.255528 0.081874 0.116716
0.245014 0.659025 0.226155 0.040693 0.061065
0.126899 0.674438 0.384757 0.040975 0.048963
0.285992 0.764671 0.463420 0.142136 0.174922
0.245376 0.741752 0.213089 0.103004 0.154897
0.258300 0.709411 0.206047 0.100388 0.142753
0.257895 0.704913 0.156427 0.078873 0.111266
0.261719 0.701267 0.224028 0.095887 0.132690
0.240574 0.745583 0.375602 0.154953 0.182138
0.240574 0.745583 0.375602 0.154953 0.182138
0.240574 0.745583 0.375602 0.154953 0.182138
0.161644 0.723432 0.320187 0.070865 0.098330
0.144385 0.726906 0.297969 0.036339 0.046788
0.197333 0.744031 0.326785 0.051392 0.060590
0.186514 0.659215 0.216516 0.059434 0.085091
0.147157 0.684949 0.331797 0.066972 0.086656
0.087505 0.665463 0.171200 0.041222 0.051585
0.203515 0.745699 0.379772 0.148740 0.177830
0.200131 0.663528 0.196335 0.044910 0.070057
0.211096 0.653233 0.240369 0.089911 0.121458
0.129594 0.662378 0.261892 0.078902 0.107315
0.110468 0.669637 0.230287 0.035829 0.047847
0.104686 0.691894 0.357470 0.045680 0.059209
0.180573 0.683169 0.214723 0.032233 0.046881
0.206963 0.694055 0.383583 0.164140 0.199688
0.163317 0.669605 0.059465 0.029916 0.051111
0.252226 0.684770 0.184766 0.062613 0.088631
0.173401 0.690593 0.256064 0.038859 0.057423
0.112299 0.660843 0.278220 0.010339 0.017955
0.121693 0.671943 0.278220 0.010339 0.017955
0.156818 0.669452 0.173028 0.005584 0.009253
0.190551 0.672079 0.106627 0.025863 0.044384
0.122845 0.670355 0.282971 0.012156 0.017783
0.138767 0.686113 0.267813 0.037956 0.053043
0.189815 0.693321 0.206584 0.137644 0.169504
0.189815 0.693321 0.206584 0.137644 0.169504
0.206473 0.695613 0.171729 0.057405 0.085762
0.162228 0.645641 0.181232 0.038702 0.062820
0.135238 0.653300 0.285232 0.038655 0.052704
0.148705 0.650297 0.293791 0.043865 0.059972
0.229260 0.662803 0.213180 0.033603 0.053729
0.230473 0.652209 0.152405 0.034273 0.055512
0.239412 0.717480 0.231465 0.124146 0.168804
0.170076 0.705739 0.274262 0.098830 0.137315
0.215891 0.697204 0.282934 0.107333 0.145830
0.133297 0.717592 0.235619 0.050595 0.059339
0.384457 0.780494 0.304581 0.212947 0.249055
0.317411 0.745092 0.237182 0.200184 0.267096
0.250000 0.701024 0.168398 0.085229 0.125139
0.294937 0.699701 0.260348 0.114007 0.158693
0.216584 0.665482 0.223787 0.132427 0.163614
0.162257 0.670858 0.172925 0.056988 0.075742
0.193322 0.679278 0.207987 0.034434 0.048478
0.107843 0.702704 0.296648 0.061799 0.079317
0.229358 0.677348 0.200993 0.093442 0.123632
0.162844 0.671903 0.188948 0.091688 0.123526
0.216560 0.657648 0.189753 0.052096 0.073854
0.086388 0.636478 0.319300 0.021755 0.035820
0.099738 0.630288 0.319300 0.021755 0.035820
0.110063 0.654569 0.484940 0.062592 0.078603
0.090625 0.629705 0.467724 0.044979 0.071527
0.218662 0.727254 0.355662 0.153409 0.187979
0.367545 0.712029 0.321011 0.138324 0.171330
0.023732 0.612363 0.297381 0.008924 0.011535
0.132750 0.615720 0.236427 0.052693 0.074369
0.100515 0.625385 0.279189 0.022310 0.030483
0.056410 0.625979 0.349032 0.025445 0.032550
0.162706 0.677206 0.315154 0.076653 0.105262
0.182176 0.705234 0.417309 0.126022 0.163661
0.113321 0.684805 0.226462 0.052051 0.070311
0.483073 0.810445 0.759915 0.553023 0.573875
0.176550 0.701681 0.347969 0.113234 0.146815
0.099911 0.659260 0.361816 0.019981 0.026634
0.133007 0.701334 0.288956 0.075344 0.098658
0.317586 0.736025 0.165239 0.050995 0.059656
0.083480 0.635692 0.064631 0.000001 0.000001
0.214206 0.665693 0.238354 0.062454 0.083072
0.242168 0.713927 0.226904 0.052651 0.070929
0.200000 0.659671 0.302772 0.037834 0.050137
0.222465 0.716099 0.232764 0.069129 0.086933
0.180049 0.715707 0.370686 0.091794 0.112483
0.178808 0.667110 0.288086 0.084636 0.125950
0.161787 0.664819 0.252943 0.006440 0.008658
0.045184 0.604885 0.132652 0.015359 0.022748
0.166259 0.715496 0.675513 0.113648 0.144770
0.178030 0.675606 0.312206 0.061514 0.096817
0.157467 0.680205 0.189738 0.042505 0.055614
0.166435 0.656881 0.121952 0.028524 0.044517
0.168357 0.670095 0.294380 0.019670 0.022589
0.057412 0.708335 0.191766 0.025851 0.037109
0.241052 0.672538 0.166421 0.032398 0.047427
0.173295 0.659394 0.247044 0.049537 0.063623
0.179021 0.678882 0.332072 0.096972 0.131725
0.183260 0.685380 0.298510 0.096580 0.120978
0.113134 0.639200 0.237414 0.034133 0.045134
0.095694 0.624626 0.279588 0.005704 0.007759
0.311111 0.715919 0.434238 0.116517 0.186043
0.098225 0.653904 0.295907 0.029526 0.042943
0.107791 0.615994 0.237427 0.009281 0.013358
0.216560 0.657648 0.189753 0.052096 0.073854
0.122642 0.649570 0.331414 0.047473 0.064011
0.148691 0.661316 0.344532 0.050177 0.067524
0.138743 0.689615 0.361346 0.042903 0.056282
0.125448 0.674906 0.432604 0.060823 0.084829
0.200361 0.708933 0.253439 0.083431 0.106097
0.228966 0.688090 0.247612 0.054041 0.076121
0.178309 0.699177 0.236367 0.071820 0.092863
0.228261 0.699024 0.202126 0.053214 0.074883
0.197943 0.654747 0.196676 0.014785 0.020899
0.197183 0.666964 0.196714 0.016209 0.022823
0.119314 0.690986 0.246510 0.048505 0.068981
0.251567 0.715001 0.141915 0.081421 0.127191
0.227421 0.718447 0.182133 0.085718 0.127760
0.239686 0.713841 0.169450 0.056066 0.079399
0.206612 0.694218 0.194840 0.052561 0.079338
0.223140 0.695142 0.197626 0.056994 0.085432
0.240066 0.703710 0.136610 0.073338 0.115595
0.252230 0.719678 0.146489 0.056937 0.081790
0.210172 0.696928 0.157222 0.069456 0.105843
0.210947 0.696518 0.157222 0.069354 0.105329
0.226690 0.696103 0.167451 0.071129 0.103321
0.211634 0.705436 0.289909 0.100885 0.152003
0.206266 0.715477 0.353619 0.114490 0.140297
0.248889 0.727200 0.174521 0.158374 0.189727
0.303881 0.712473 0.186611 0.153243 0.197443
0.231774 0.680902 0.221601 0.093548 0.120541
0.205479 0.718863 0.222793 0.120709 0.149235
0.122642 0.649861 0.331414 0.047473 0.064011
0.148691 0.661670 0.344532 0.050177 0.067524
0.138743 0.689615 0.361346 0.042903 0.056282
0.125448 0.675844 0.432604 0.060823 0.084829
0.200361 0.708933 0.253439 0.083431 0.106097
0.228966 0.688090 0.247612 0.054041 0.076121
0.178309 0.699177 0.236367 0.071820 0.092863
0.228261 0.699024 0.202126 0.053214 0.074883
0.197943 0.654747 0.196676 0.014785 0.020899
0.197183 0.666964 0.196714 0.016209 0.022823
0.119314 0.690631 0.246510 0.048505 0.068981
0.206266 0.715477 0.353619 0.114490 0.140297
0.122642 0.649660 0.331414 0.047473 0.064011
0.148691 0.660747 0.344532 0.050177 0.067524
0.138743 0.689615 0.361346 0.042903 0.056282
0.125448 0.675804 0.432604 0.060823 0.084829
0.200361 0.708933 0.253439 0.083431 0.106097
0.228966 0.688090 0.247612 0.054041 0.076121
0.178309 0.699177 0.236367 0.071820 0.092863
0.228261 0.699024 0.202126 0.053214 0.074883
0.197943 0.654747 0.196676 0.014785 0.020899
0.197183 0.666964 0.196714 0.016209 0.022823
0.118915 0.688817 0.246510 0.048505 0.068981
0.206266 0.715477 0.353619 0.114490 0.140297
0.122642 0.648812 0.331414 0.047473 0.064011
0.148691 0.660916 0.344532 0.050177 0.067524
0.138743 0.689615 0.361346 0.042903 0.056282
0.125448 0.676133 0.432604 0.060823 0.084829
0.200361 0.708933 0.253439 0.083431 0.106097
0.228966 0.688090 0.247612 0.054041 0.076121
0.178309 0.699177 0.236367 0.071820 0.092863
0.228261 0.699024 0.202126 0.053214 0.074883
0.197943 0.654747 0.196676 0.014785 0.020899
0.197183 0.666964 0.196714 0.016209 0.022823
0.118915 0.691162 0.246510 0.048505 0.068981
0.316006 0.802216 0.212853 0.170336 0.211671
0.306494 0.781613 0.290960 0.175022 0.231116
0.253697 0.723070 0.249087 0.121149 0.164124
0.261240 0.715239 0.254108 0.118965 0.158648
0.216135 0.724062 0.252904 0.111297 0.147570
0.212665 0.729927 0.252904 0.111297 0.147570
0.192420 0.710567 0.239922 0.099220 0.130045
0.188366 0.712568 0.239922 0.099220 0.130045
0.242625 0.737191 0.247554 0.115319 0.156776
0.223087 0.759515 0.271095 0.141546 0.186472
0.206266 0.715477 0.353619 0.114490 0.140297
0.122642 0.650135 0.331414 0.047473 0.064011
0.148691 0.662087 0.344532 0.050177 0.067524
0.138743 0.689615 0.361346 0.042903 0.056282
0.125448 0.675814 0.432604 0.060823 0.084829
0.200361 0.708933 0.253439 0.083431 0.106097
0.228966 0.688090 0.247612 0.054041 0.076121
0.062500 0.699177 0.236367 0.071820 0.092863
0.228261 0.699024 0.202126 0.053214 0.074883
0.197943 0.654747 0.196676 0.014785 0.020899
0.197183 0.666964 0.196714 0.016209 0.022823
0.119314 0.691579 0.246510 0.048505 0.068981
0.206266 0.715477 0.353619 0.114490 0.140297
0.219856 0.723103 0.226216 0.103736 0.132608
0.229730 0.717101 0.244711 0.058448 0.070498
0.243928 0.700474 0.288257 0.009065 0.014650
0.107623 0.664733 0.283998 0.069933 0.091011
0.103641 0.664393 0.378494 0.063523 0.079060
0.094445 0.644160 0.270262 0.017811 0.022839
0.206774 0.692475 0.356051 0.071233 0.104637
0.212252 0.654484 0.239709 0.038064 0.058411
0.064257 0.612196 0.199375 0.003889 0.006052
0.183986 0.692161 0.147838 0.024128 0.035842
0.055233 0.642224 0.295015 0.004745 0.007419
0.171429 0.657649 0.269475 0.073767 0.102008
0.141104 0.629285 0.175901 0.013160 0.017596
0.181960 0.656963 0.235225 0.040110 0.055551
0.170498 0.651807 0.218728 0.059954 0.081752
0.200758 0.674291 0.203865 0.032797 0.046489
0.163097 0.677878 0.286737 0.042190 0.055248
0.051314 0.623801 0.260325 0.005366 0.011108
0.225410 0.703666 0.265402 0.086194 0.127191
0.238477 0.696386 0.276766 0.087806 0.128017
0.127416 0.624992 0.257063 0.015762 0.027388
0.145406 0.647113 0.195809 0.018667 0.028353
0.135593 0.644415 0.146339 0.017934 0.023449
0.085249 0.666073 0.292224 0.049761 0.063526
0.220459 0.676964 0.157713 0.012916 0.018940
0.224956 0.678023 0.157713 0.012916 0.018940
0.172414 0.670423 0.256176 0.032636 0.057885
0.085249 0.664577 0.292224 0.049761 0.063526
0.220459 0.676964 0.157713 0.012916 0.018940
0.224956 0.678023 0.157713 0.012916 0.018940
0.172414 0.670423 0.256176 0.032636 0.057885
0.085249 0.664997 0.292224 0.049761 0.063526
0.220459 0.676964 0.157713 0.012916 0.018940
0.224956 0.678023 0.157713 0.012916 0.018940
0.172414 0.670423 0.256176 0.032636 0.057885
0.264925 0.700764 0.257368 0.116359 0.155004
0.243281 0.701707 0.255047 0.112104 0.161327
0.150654 0.700596 0.196071 0.063267 0.086994
0.056138 0.599100 0.278940 0.006484 0.008406
0.159617 0.617232 0.139135 0.020703 0.031522
0.255319 0.673213 0.281478 0.083254 0.120341
0.241565 0.694824 0.295611 0.177734 0.207657
0.147444 0.686033 0.294963 0.079098 0.107185
0.149283 0.690790 0.294963 0.079098 0.107185
0.195241 0.713196 0.332036 0.111785 0.141744
0.197192 0.718242 0.333174 0.112383 0.143845
0.204327 0.726102 0.290768 0.091422 0.120739
0.173418 0.704688 0.330401 0.091121 0.117116
0.151226 0.687718 0.269513 0.069077 0.089589
0.119241 0.698906 0.386214 0.047111 0.063816
0.087774 0.610372 0.473537 0.053490 0.073665
0.257019 0.716908 0.270621 0.095050 0.125801
0.189041 0.681352 0.304938 0.009444 0.012388
0.138085 0.639296 0.284998 0.034873 0.052765
0.141593 0.644946 0.284998 0.034873 0.052765
0.114667 0.615090 0.279737 0.012295 0.017955
0.183583 0.712862 0.193866 0.068725 0.112076
0.136846 0.769413 0.293731 0.105327 0.131587
0.072393 0.731840 0.303776 0.055084 0.070658
0.167901 0.686134 0.226555 0.045438 0.061069
0.113065 0.680486 0.269767 0.014364 0.017710
0.103976 0.629597 0.473537 0.053490 0.073665
0.125307 0.689599 0.272282 0.011754 0.015500
0.140762 0.666750 0.636360 0.067260 0.096268
0.130564 0.665741 0.636360 0.067260 0.096268
0.316547 0.783830 0.474332 0.235238 0.259346
0.347095 0.779325 0.353431 0.213095 0.240952
0.122939 0.652576 0.333532 0.036794 0.047620
0.141956 0.653311 0.154148 0.004928 0.006629
0.172070 0.700806 0.372129 0.043873 0.058411
0.168357 0.691890 0.185817 0.035082 0.046404
0.206946 0.657837 0.174247 0.077052 0.104204
0.083081 0.636041 0.316832 0.030877 0.040441
0.137031 0.627993 0.177946 0.008813 0.012904
0.122939 0.652576 0.333532 0.036794 0.047620
0.141956 0.653311 0.154148 0.004928 0.006629
0.172070 0.700806 0.372129 0.043873 0.058411
0.168357 0.691890 0.185817 0.035082 0.046404
0.206946 0.657837 0.174247 0.077052 0.104204
0.083081 0.634321 0.316832 0.030877 0.040441
0.136150 0.627858 0.177953 0.008988 0.012872
0.252273 0.697452 0.184798 0.077055 0.104178
0.208845 0.693102 0.199676 0.024110 0.031965
0.181416 0.676740 0.272671 0.057949 0.077674
0.097615 0.626308 0.227910 0.030014 0.037767
0.129347 0.690843 0.210909 0.036431 0.044342
0.196273 0.750112 0.214724 0.060268 0.068870
0.199732 0.683619 0.324673 0.121459 0.159038
0.093180 0.621912 0.224513 0.022274 0.028119
0.127319 0.689278 0.231468 0.044244 0.054462
0.196013 0.752476 0.214724 0.060268 0.068870
0.199732 0.683619 0.324673 0.121459 0.159038
0.028642 0.681836 0.311255 0.011882 0.017642
0.074957 0.690030 0.176861 0.020615 0.032650
0.100110 0.669389 0.231681 0.049001 0.073254
0.137931 0.671784 0.324329 0.033547 0.042604
0.135198 0.672265 0.182862 0.025685 0.036185
0.047091 0.706475 0.254299 0.020190 0.029884
0.064307 0.705756 0.137484 0.016398 0.025592
0.080319 0.709673 0.233690 0.035422 0.051766
0.184211 0.654193 0.143668 0.017560 0.022058
0.075486 0.722303 0.191321 0.027607 0.039881
0.062719 0.706437 0.295542 0.023481 0.033422
0.123164 0.700293 0.189565 0.064693 0.091670
0.063146 0.699436 0.285411 0.026483 0.034959
0.249167 0.697020 0.281705 0.075849 0.101014
0.278658 0.683889 0.199787 0.071371 0.100881
0.253799 0.669300 0.204564 0.021962 0.025739
0.225898 0.721384 0.169167 0.126988 0.158237
0.234140 0.696265 0.181617 0.074674 0.105434
0.178490 0.653769 0.222902 0.009229 0.019583
0.258848 0.710007 0.150002 0.104699 0.143020
0.028962 0.649973 0.320713 0.025044 0.034410
0.088527 0.634178 0.310218 0.060835 0.080148
0.088339 0.636466 0.306485 0.058997 0.078080
0.158769 0.688705 0.330955 0.122981 0.154331
0.037628 0.626249 0.304701 0.023795 0.029965
0.137527 0.641729 0.227819 0.030292 0.043814
0.060910 0.594348 0.277979 0.005679 0.007515
0.161641 0.672690 0.249441 0.010287 0.013029
0.206745 0.675490 0.311340 0.066073 0.092041
0.029050 0.684590 0.274651 0.019145 0.025955
0.066793 0.607002 0.188923 0.002574 0.003631
0.133120 0.623878 0.127182 0.020993 0.027477
0.215892 0.680089 0.243238 0.053762 0.070016
0.165544 0.628003 0.146313 0.021171 0.036144
0.134831 0.625732 0.134071 0.007841 0.013896
0.112299 0.661957 0.263514 0.032072 0.045787
0.219271 0.738347 0.196291 0.079455 0.110371
0.236551 0.746288 0.212067 0.079562 0.111424
0.083496 0.680266 0.218422 0.024122 0.032649
0.209832 0.694368 0.154889 0.078283 0.102219
0.211912 0.716255 0.160411 0.116387 0.149589
0.154671 0.657098 0.255439 0.026889 0.038911
0.202082 0.712013 0.211382 0.058382 0.081283
0.136731 0.652479 0.238830 0.030244 0.041865
0.198142 0.706611 0.244593 0.016616 0.021686
0.248889 0.686984 0.259653 0.083662 0.121298
0.179907 0.695196 0.297988 0.039836 0.058580
0.249471 0.757046 0.402443 0.177983 0.212971
0.250255 0.695531 0.182004 0.056786 0.082425
0.270142 0.687181 0.307265 0.136234 0.169330
0.103286 0.652189 0.278765 0.049516 0.076318
0.147950 0.664694 0.239404 0.025844 0.041612
0.079019 0.652314 0.225340 0.025302 0.038920
0.195377 0.662045 0.190734 0.037937 0.059991
0.180791 0.670316 0.110117 0.028375 0.045909
0.163218 0.661245 0.120789 0.004520 0.009268
0.214444 0.664230 0.157363 0.021605 0.042859
0.146453 0.703627 0.338866 0.051657 0.075385
0.086514 0.649647 0.250392 0.023438 0.037505
0.192967 0.656656 0.148177 0.023520 0.043505
0.146453 0.703176 0.338866 0.051657 0.075385
0.062138 0.580230 0.181089 0.004008 0.006438
0.145742 0.651611 0.190595 0.006679 0.011103
0.256579 0.697526 0.176615 0.064904 0.100752
0.186632 0.663583 0.206821 0.042601 0.059449
0.169419 0.732860 0.286958 0.109196 0.134738
0.160494 0.662720 0.254343 0.007607 0.010250
0.491837 0.740924 0.331850 0.280200 0.307898
0.276506 0.740957 0.199921 0.097779 0.131088
0.191900 0.643415 0.279837 0.052289 0.078818
0.173961 0.642862 0.271176 0.048446 0.075023
0.181525 0.649558 0.270964 0.048446 0.075023
0.226496 0.713463 0.318341 0.100445 0.132863
0.069485 0.652931 0.357406 0.021825 0.024500
0.202980 0.729311 0.266829 0.138951 0.165476
0.229857 0.725749 0.180457 0.074696 0.097252
0.219774 0.704957 0.211725 0.046901 0.061582
0.203327 0.733605 0.266829 0.138951 0.165476
0.226496 0.713463 0.318341 0.100445 0.132863
0.071429 0.653496 0.357406 0.021825 0.024500
0.202980 0.729311 0.266829 0.138951 0.165476
0.231018 0.721894 0.181018 0.072432 0.095208
0.219774 0.704277 0.211725 0.046901 0.061582
0.203327 0.733605 0.266829 0.138951 0.165476
0.304617 0.763188 0.268170 0.173290 0.220521
0.226496 0.713463 0.318341 0.100445 0.132863
0.070457 0.652977 0.357406 0.021825 0.024500
0.202980 0.729311 0.266829 0.138951 0.165476
0.230206 0.726295 0.180457 0.074696 0.097252
0.219774 0.704253 0.211725 0.046901 0.061582
0.203327 0.733605 0.266829 0.138951 0.165476
0.271811 0.769040 0.289520 0.202891 0.252202
0.233333 0.694801 0.259038 0.162452 0.225159
0.080087 0.696377 0.285535 0.051174 0.070803
0.106986 0.721302 0.352994 0.069551 0.077872
0.058182 0.567695 0.164243 0.003953 0.006216
0.133275 0.648934 0.192675 0.050601 0.072206
0.191162 0.698855 0.218188 0.093453 0.120904
0.215116 0.723382 0.182531 0.045159 0.062552
0.181818 0.712837 0.304137 0.086697 0.111957
0.159134 0.624592 0.176701 0.008399 0.010513
0.298225 0.676814 0.282023 0.090936 0.121035
0.198077 0.651089 0.257749 0.006457 0.013990
0.000000 0.000000 0.250000 0.000000 0.000000
0.185111 0.623774 0.295007 0.026372 0.034988
0.158664 0.678330 0.212254 0.029000 0.049015
0.196854 0.731553 0.156947 0.059012 0.072654
0.184422 0.703560 0.200833 0.061490 0.086525
0.211020 0.665983 0.183959 0.028889 0.041755
0.237952 0.702073 0.184352 0.013164 0.021530
0.109649 0.603035 0.240867 0.003817 0.004485
0.263751 0.690801 0.202831 0.047915 0.070519
0.192276 0.658482 0.183925 0.020740 0.033501
0.207902 0.631374 0.163270 0.008735 0.011094
0.257978 0.702963 0.196246 0.069182 0.095458
0.109752 0.687583 0.197592 0.043725 0.061536
0.099566 0.688174 0.149373 0.034617 0.047713
0.139535 0.674654 0.192579 0.015199 0.019952
0.354744 0.749281 0.233308 0.191964 0.241178
0.307494 0.748866 0.328064 0.172107 0.205757
0.188912 0.691810 0.277093 0.084216 0.132033
0.244565 0.714284 0.288983 0.097943 0.139904
0.114413 0.628948 0.232437 0.008369 0.012206
0.254430 0.711977 0.209551 0.087359 0.130681
0.193810 0.724126 0.191474 0.056804 0.082468
0.108182 0.655545 0.178506 0.014020 0.019574
0.050147 0.628465 0.383946 0.028478 0.034817
0.237160 0.674311 0.217403 0.009687 0.014713
0.161954 0.701983 0.303474 0.075558 0.092535
0.245405 0.747323 0.290770 0.123912 0.163109
0.161954 0.701983 0.303474 0.075558 0.092535
0.245405 0.747617 0.290770 0.123912 0.163109
0.033558 0.605997 0.249931 0.009419 0.012472
0.202114 0.679554 0.231818 0.019699 0.024571
0.227086 0.714561 0.186013 0.091971 0.121962
0.200988 0.755443 0.170829 0.115690 0.145911
0.147009 0.666861 0.361648 0.056121 0.077767
0.205896 0.696971 0.126562 0.017975 0.023288
0.104348 0.621488 0.209258 0.029560 0.039082
0.154146 0.661141 0.188071 0.026927 0.041204
0.418941 0.759847 0.367138 0.287170 0.336397
0.499072 0.770381 0.378431 0.296637 0.355497
0.200243 0.713868 0.253066 0.131722 0.164500
0.330769 0.722240 0.266756 0.189142 0.234018
0.441381 0.766178 0.344716 0.272509 0.341131
0.215702 0.678195 0.301441 0.128305 0.177356
0.167939 0.687767 0.243657 0.043695 0.055360
0.170854 0.694018 0.270260 0.044321 0.071742
0.140777 0.659723 0.257416 0.004068 0.008055
0.173585 0.693571 0.112279 0.038432 0.086170
0.189931 0.635687 0.236449 0.016079 0.020784
0.199085 0.716519 0.353097 0.130452 0.179062
0.139442 0.666228 0.285690 0.057989 0.071600
0.191419 0.691616 0.257198 0.082767 0.123445
0.164207 0.626774 0.217372 0.045060 0.066321
0.151807 0.698242 0.234139 0.051381 0.076062
0.156863 0.717413 0.397436 0.074844 0.103239
0.227392 0.738672 0.239841 0.118323 0.142646
0.098325 0.682588 0.189016 0.036798 0.051127
0.095835 0.698495 0.154040 0.030545 0.040576
0.140777 0.662158 0.276551 0.079842 0.106296
0.140110 0.681925 0.294808 0.013906 0.019818
0.087500 0.614873 0.473537 0.058823 0.073665
0.136232 0.669002 0.378667 0.104664 0.142085
0.103976 0.640601 0.636360 0.073965 0.096268
0.087500 0.614873 0.473537 0.058823 0.073665
0.136232 0.669002 0.378667 0.104664 0.142085
0.081505 0.634787 0.636360 0.073965 0.096268
0.092485 0.644436 0.656233 0.072865 0.109934
0.217672 0.733626 0.191773 0.133460 0.171752
0.274194 0.712840 0.352805 0.108644 0.144883
0.196970 0.704823 0.321974 0.113332 0.141965
0.328009 0.764149 0.322411 0.215994 0.267020
0.197154 0.707728 0.369594 0.073948 0.103470
0.216797 0.717233 0.369594 0.073948 0.103470
0.202739 0.709781 0.079255 0.040399 0.066194
0.195260 0.651545 0.140841 0.032905 0.048410
0.193085 0.647310 0.119970 0.024501 0.039953
0.188869 0.654999 0.138605 0.040148 0.058005
0.200000 0.658554 0.139935 0.032319 0.046324
0.200303 0.655108 0.159166 0.032319 0.046324
0.200603 0.660948 0.139935 0.032319 0.046324
0.221580 0.682893 0.225090 0.070651 0.097424
0.125617 0.721314 0.357787 0.103902 0.126574
0.203052 0.750826 0.343385 0.138365 0.170297
0.201538 0.731908 0.436665 0.132347 0.168781
0.266885 0.787778 0.514750 0.276899 0.329296
0.162413 0.718355 0.387250 0.072229 0.095643
0.148179 0.691770 0.308600 0.064713 0.086829
0.241758 0.695637 0.382213 0.120995 0.164533
0.159420 0.671208 0.349485 0.097325 0.135462
0.133916 0.663635 0.401837 0.088912 0.126305
0.238592 0.693160 0.304860 0.111473 0.150863
0.148201 0.675625 0.408252 0.117795 0.154514
0.212911 0.724763 0.377729 0.163830 0.210483
0.173554 0.663553 0.378119 0.081198 0.111898
0.204325 0.745892 0.331538 0.156844 0.199536
0.210432 0.674855 0.203440 0.035246 0.058751
0.176289 0.666702 0.316269 0.098109 0.131398
0.115744 0.693259 0.256159 0.038562 0.050676
0.254871 0.767890 0.271989 0.158622 0.204635
0.134287 0.660057 0.275633 0.061009 0.087315
0.204772 0.715193 0.384957 0.107876 0.145020
0.209081 0.749565 0.314834 0.135456 0.168141
0.174860 0.723747 0.385879 0.111512 0.140181
0.174447 0.711787 0.328798 0.100749 0.128079
0.217137 0.709145 0.295153 0.101692 0.132465
0.174532 0.747720 0.330260 0.103524 0.142441
0.188747 0.720119 0.292512 0.090969 0.124105
0.172929 0.721585 0.344492 0.125431 0.159176
0.180175 0.727747 0.340582 0.099338 0.128352
0.291970 0.775229 0.301869 0.215916 0.258588
0.192102 0.690299 0.266461 0.064114 0.092167
0.227831 0.731968 0.383421 0.125603 0.160768
0.120394 0.673026 0.359529 0.069493 0.091214
0.154114 0.733870 0.378761 0.113381 0.137432
0.238950 0.709873 0.298208 0.093857 0.124929
0.173966 0.635396 0.183718 0.042922 0.066836
0.146881 0.658275 0.326296 0.036537 0.055817
0.227993 0.681499 0.183177 0.093654 0.137101
0.058024 0.721360 0.239860 0.031413 0.044335
0.178378 0.654527 0.186726 0.003778 0.008220
0.189454 0.685877 0.278802 0.057610 0.082230
0.175090 0.653723 0.186726 0.003778 0.008220
0.176577 0.656784 0.186726 0.003778 0.008220
0.162455 0.664654 0.186726 0.003778 0.008220
0.186709 0.653372 0.189736 0.065679 0.098908
0.164859 0.668052 0.225424 0.011266 0.022075
0.175090 0.653723 0.186726 0.003778 0.008220
0.181953 0.661396 0.121185 0.012137 0.019376
0.152074 0.727849 0.654814 0.085105 0.117976
0.150628 0.666354 0.208219 0.000000 0.086515
0.183468 0.735923 0.318945 0.057891 0.081727
0.453083 0.769491 0.415152 0.362309 0.406906
0.104895 0.738161 0.136725 0.056830 0.080158
0.139843 0.724459 0.146110 0.038932 0.058183
0.105066 0.626472 0.206058 0.010735 0.014799
0.450938 0.769221 0.415152 0.362309 0.406906
0.105041 0.737522 0.136725 0.056830 0.080158
0.139522 0.725040 0.146110 0.038932 0.058183
0.105066 0.626472 0.206058 0.010735 0.014799
0.159563 0.685258 0.193815 0.032028 0.047873
0.103873 0.634615 0.254943 0.004703 0.006135
0.430254 0.801822 0.285125 0.275048 0.323980
0.312625 0.724727 0.196870 0.096743 0.127055
0.217177 0.674156 0.184416 0.062833 0.085768
0.452011 0.769177 0.415152 0.362309 0.406906
0.104895 0.739149 0.136725 0.056830 0.080158
0.139602 0.725077 0.146110 0.038932 0.058183
0.105066 0.626472 0.206058 0.010735 0.014799
0.160291 0.684301 0.193815 0.032028 0.047873
0.103873 0.634615 0.254943 0.004703 0.006135
0.430358 0.802577 0.285125 0.275048 0.323980
0.297893 0.720034 0.196126 0.087190 0.117202
0.217177 0.674156 0.184416 0.062833 0.085768
0.452011 0.769152 0.415152 0.362309 0.406906
0.104895 0.740184 0.136725 0.056830 0.080158
0.139442 0.724733 0.146110 0.038932 0.058183
0.105066 0.626472 0.206058 0.010735 0.014799
0.160291 0.683178 0.193815 0.032028 0.047873
0.103873 0.634615 0.254943 0.004703 0.006135
0.430254 0.802521 0.285125 0.275048 0.323980
0.312625 0.724727 0.196870 0.096743 0.127055
0.217177 0.674156 0.184416 0.062833 0.085768
0.151033 0.699428 0.196071 0.063267 0.086994
0.230245 0.659457 0.317253 0.092925 0.129777
0.239905 0.663455 0.191462 0.072855 0.097709
0.141677 0.632798 0.193722 0.030676 0.042186
0.158177 0.707156 0.350433 0.023242 0.029433
0.070790 0.706678 0.240183 0.035228 0.046464
0.131200 0.679502 0.165822 0.043183 0.057208
0.083527 0.641863 0.177338 0.013350 0.019342
0.153048 0.738264 0.387635 0.059574 0.060252
0.152225 0.735705 0.183918 0.066647 0.081987
0.233184 0.678748 0.222243 0.047423 0.076812
0.267548 0.683742 0.148015 0.081071 0.109868
0.267548 0.683742 0.148015 0.081071 0.109868
0.161787 0.664819 0.252943 0.006440 0.008658
0.045184 0.606100 0.132652 0.015359 0.022748
0.166259 0.715496 0.675513 0.113648 0.144770
0.178030 0.677989 0.312206 0.061514 0.096817
0.243620 0.685337 0.294110 0.098384 0.138861
0.236549 0.673116 0.099674 0.018334 0.027250
0.201432 0.710397 0.174199 0.095150 0.133340
0.139276 0.693889 0.394531 0.066416 0.094365
0.125698 0.691049 0.394531 0.066416 0.094365
0.099106 0.626889 0.227910 0.030014 0.037767
0.128737 0.689887 0.210909 0.036431 0.044342
0.196687 0.749340 0.214724 0.060268 0.068870
0.199732 0.683619 0.324673 0.121459 0.159038
0.093180 0.623610 0.224513 0.022274 0.028119
0.127959 0.689878 0.231468 0.044244 0.054462
0.196013 0.752879 0.214724 0.060268 0.068870
0.199732 0.683619 0.324673 0.121459 0.159038
0.214525 0.642447 0.222205 0.048084 0.063219
0.177199 0.650706 0.268743 0.130938 0.166620
0.258949 0.650154 0.229100 0.056689 0.076844
0.167064 0.753569 0.221596 0.103583 0.131192
0.105914 0.632392 0.150344 0.014529 0.023560
0.105317 0.654364 0.297843 0.027614 0.034541
0.149351 0.624498 0.248015 0.016117 0.031517
0.096774 0.638790 0.322914 0.016375 0.029252
0.138446 0.670375 0.308753 0.059263 0.076493
0.162950 0.679008 0.231161 0.090799 0.126117
0.339066 0.684952 0.230902 0.061980 0.093689
0.110471 0.689276 0.203734 0.043449 0.061115
0.099566 0.686430 0.149373 0.034617 0.047713
0.139535 0.679515 0.182082 0.015199 0.019572
0.229650 0.747820 0.194837 0.097575 0.133040
0.335725 0.744760 0.241878 0.176539 0.222606
0.307494 0.748866 0.328064 0.172107 0.205757
0.207831 0.673548 0.223717 0.092322 0.129862
0.143158 0.668707 0.165353 0.036077 0.045999
0.250000 0.713971 0.247555 0.087598 0.126044
0.109774 0.632195 0.225902 0.008546 0.012211
0.231548 0.716608 0.284642 0.086996 0.128608
0.194388 0.724925 0.191477 0.056804 0.082385
0.104338 0.655001 0.176466 0.014020 0.019427
0.050147 0.628822 0.383946 0.028478 0.034817
0.289934 0.675789 0.225705 0.042480 0.065392
0.110471 0.689330 0.203734 0.043449 0.061115
0.099204 0.685923 0.149373 0.034617 0.047713
0.139535 0.679515 0.182082 0.015199 0.019572
0.230160 0.747358 0.192964 0.097575 0.133040
0.335007 0.743974 0.241878 0.176539 0.222606
0.307494 0.748866 0.328064 0.172107 0.205757
0.207831 0.673548 0.223717 0.092322 0.129862
0.143158 0.668707 0.165353 0.036077 0.045999
0.250000 0.713971 0.247555 0.087598 0.126044
0.109774 0.632195 0.225902 0.008546 0.012211
0.231548 0.716608 0.284642 0.086996 0.128608
0.194099 0.724946 0.191477 0.056804 0.082385
0.103789 0.657287 0.176466 0.014020 0.019427
0.050147 0.629782 0.383946 0.028478 0.034817
0.319149 0.678075 0.226825 0.056755 0.086385
0.110471 0.689176 0.203734 0.043449 0.061115
0.098841 0.687239 0.149373 0.034617 0.047713
0.139535 0.679515 0.182082 0.015199 0.019572
0.229650 0.747081 0.194837 0.097575 0.133040
0.335007 0.744156 0.241878 0.176539 0.222606
0.307494 0.748866 0.328064 0.172107 0.205757
0.207831 0.673548 0.223717 0.092322 0.129862
0.143158 0.668707 0.165353 0.036077 0.045999
0.250000 0.713971 0.247555 0.087598 0.126044
0.109774 0.632195 0.225902 0.008546 0.012211
0.231548 0.716608 0.284642 0.086996 0.128608
0.194099 0.724207 0.191477 0.056804 0.082385
0.104338 0.656901 0.176466 0.014020 0.019427
0.050147 0.631016 0.383946 0.028478 0.034817
0.289934 0.675789 0.225705 0.042480 0.065392
0.110471 0.690829 0.203734 0.043449 0.061115
0.098841 0.687443 0.149373 0.034617 0.047713
0.139535 0.679515 0.182082 0.015199 0.019572
0.229980 0.747620 0.192964 0.097575 0.133040
0.335725 0.744760 0.241878 0.176539 0.222606
0.307494 0.748866 0.328064 0.172107 0.205757
0.207831 0.673548 0.223717 0.092322 0.129862
0.143158 0.668707 0.165353 0.036077 0.045999
0.250000 0.713971 0.247555 0.087598 0.126044
0.109774 0.632195 0.225902 0.008546 0.012211
0.231548 0.716608 0.284642 0.086996 0.128608
0.194388 0.724448 0.191477 0.056804 0.082385
0.103789 0.655881 0.176466 0.014020 0.019427
0.050147 0.631280 0.383946 0.028478 0.034817
0.295664 0.712733 0.204257 0.076386 0.101454
0.295664 0.712733 0.204257 0.076386 0.101454
0.075414 0.663045 0.334209 0.056113 0.082148
0.255046 0.712583 0.316960 0.153040 0.198775
0.331576 0.770600 0.312597 0.218216 0.267850
0.248494 0.701347 0.208188 0.116827 0.168299
0.308017 0.729016 0.366966 0.158070 0.189587
0.251064 0.687456 0.202338 0.069294 0.097174
0.207002 0.686565 0.236085 0.075323 0.108225
0.183983 0.704118 0.284380 0.127242 0.167834
0.283476 0.728447 0.361152 0.233048 0.282700
0.399721 0.772711 0.355199 0.216627 0.265936
0.245975 0.670619 0.293692 0.071306 0.099134
0.241678 0.720343 0.191117 0.116135 0.144599
0.266335 0.711693 0.269226 0.127173 0.167798
0.300261 0.751708 0.327511 0.090870 0.127311
0.228223 0.716924 0.226843 0.163730 0.205791
0.191874 0.701627 0.387038 0.126236 0.136090
0.193694 0.670622 0.247523 0.073776 0.092867
0.230420 0.755631 0.316092 0.149979 0.241986
0.179056 0.687517 0.244667 0.070046 0.097009
0.123310 0.642358 0.210562 0.036162 0.046660
0.151188 0.673336 0.373546 0.066455 0.089593
0.269231 0.683845 0.333505 0.190465 0.229441
0.152360 0.684722 0.373546 0.066455 0.089593
0.291250 0.720159 0.444303 0.189049 0.226210
0.286585 0.708129 0.329445 0.153976 0.188916
0.137931 0.672206 0.397383 0.069860 0.096946
0.192675 0.696452 0.365181 0.126483 0.158266
0.281203 0.701667 0.312102 0.181634 0.214980
0.235192 0.713697 0.356164 0.171968 0.216181
0.201521 0.707305 0.367437 0.170485 0.217444
0.255046 0.712583 0.316960 0.153040 0.198775
0.326462 0.767878 0.307077 0.208163 0.255808
0.248494 0.701347 0.208188 0.116827 0.168299
0.308017 0.729016 0.366966 0.158070 0.189587
0.251420 0.684683 0.202164 0.067949 0.095551
0.207002 0.686565 0.236085 0.075323 0.108225
0.183983 0.704118 0.284380 0.127242 0.167834
0.283476 0.728447 0.361152 0.233048 0.282700
0.399721 0.772711 0.355199 0.216627 0.265936
0.100629 0.627239 0.434121 0.053490 0.073665
0.100629 0.631449 0.434121 0.058823 0.073665
0.130814 0.651197 0.211205 0.071183 0.091998
0.098864 0.658259 0.485731 0.072562 0.103037
0.166667 0.686847 0.259528 0.011356 0.018887
0.160714 0.687492 0.338348 0.028077 0.037253
0.135135 0.714575 0.484940 0.066835 0.078603
0.236453 0.680845 0.209195 0.080471 0.124609
0.119503 0.714456 0.476755 0.093902 0.119751
0.293221 0.732970 0.316893 0.191471 0.236499
0.248428 0.664128 0.219291 0.060325 0.089360
0.094848 0.647071 0.258982 0.027297 0.034597
0.284109 0.728292 0.343114 0.152058 0.221334
0.255639 0.718799 0.226521 0.125990 0.157872
0.275920 0.733848 0.252947 0.168956 0.205014
0.234014 0.721210 0.227037 0.191251 0.220098
0.224958 0.732226 0.140624 0.015785 0.025890
0.191806 0.706445 0.282901 0.050135 0.072068
0.208711 0.705872 0.282867 0.046168 0.070419
0.207650 0.706054 0.282867 0.046168 0.070419
0.194444 0.707671 0.359790 0.047301 0.072331
0.184211 0.698637 0.359790 0.047301 0.072331
0.197417 0.711844 0.282901 0.052813 0.072068
0.212230 0.710094 0.282867 0.049427 0.070419
0.211191 0.709370 0.282867 0.049427 0.070419
0.196330 0.713268 0.359790 0.050637 0.072331
0.189944 0.705038 0.359790 0.050637 0.072331
0.191275 0.706699 0.280303 0.050637 0.074371
0.230769 0.702499 0.252354 0.058961 0.087865
0.239171 0.720763 0.382927 0.058586 0.080107
0.193078 0.702337 0.280303 0.050637 0.074371
0.229008 0.712448 0.382927 0.058586 0.080107
0.191606 0.704125 0.280303 0.050637 0.074371
0.226054 0.711908 0.382927 0.058586 0.080107
0.185662 0.703870 0.280303 0.050637 0.074371
0.160232 0.713752 0.382927 0.058586 0.080107
0.180451 0.697311 0.359790 0.050637 0.072331
0.189911 0.692618 0.308079 0.036802 0.046275
0.164179 0.712674 0.382927 0.058586 0.080107
0.172340 0.714376 0.382927 0.058586 0.080107
0.161702 0.712598 0.382927 0.058586 0.080107
0.188082 0.703037 0.282901 0.052813 0.072068
0.187932 0.677734 0.192092 0.059524 0.089886
0.165333 0.708527 0.297491 0.010979 0.023394
0.126126 0.663860 0.433567 0.072351 0.099293
0.093611 0.723053 0.264814 0.056087 0.081661
0.180765 0.684225 0.187064 0.055566 0.083975
0.165333 0.708527 0.297491 0.010979 0.023394
0.126126 0.663860 0.433567 0.072351 0.099293
0.093611 0.725141 0.264814 0.056087 0.081661
0.180765 0.685261 0.187064 0.055566 0.083975
0.165333 0.708527 0.297491 0.010979 0.023394
0.126126 0.663860 0.433567 0.072351 0.099293
0.093895 0.725544 0.264814 0.056087 0.081661
0.180765 0.685201 0.187064 0.055566 0.083975
0.165333 0.708527 0.297491 0.010979 0.023394
0.126126 0.663860 0.433567 0.072351 0.099293
0.093895 0.723878 0.264814 0.056087 0.081661
0.149013 0.647400 0.495877 0.086734 0.114661
0.256903 0.670398 0.318912 0.122382 0.176564
0.180765 0.684733 0.187064 0.055566 0.083975
0.165333 0.708527 0.297491 0.010979 0.023394
0.126126 0.663860 0.433567 0.072351 0.099293
0.093895 0.724527 0.264814 0.056087 0.081661
0.185611 0.676205 0.187161 0.057321 0.086675
0.165333 0.708527 0.297491 0.010979 0.023394
0.126126 0.663860 0.433567 0.072351 0.099293
0.093800 0.723877 0.264814 0.056087 0.081661
0.180765 0.684821 0.187064 0.055566 0.083975
0.165333 0.708527 0.297491 0.010979 0.023394
0.126126 0.663860 0.433567 0.072351 0.099293
0.093706 0.723983 0.264814 0.056087 0.081661
0.186215 0.674380 0.187161 0.057321 0.086675
0.165333 0.708527 0.297491 0.010979 0.023394
0.126126 0.663860 0.433567 0.072351 0.099293
0.093516 0.724321 0.264814 0.056087 0.081661
0.159935 0.680908 0.259990 0.055142 0.084640
0.189189 0.679003 0.192092 0.059524 0.089886
0.165333 0.708527 0.297491 0.010979 0.023394
0.126126 0.663860 0.433567 0.072351 0.099293
0.093800 0.724442 0.264814 0.056087 0.081661
0.162107 0.680938 0.258311 0.055745 0.085708
0.181599 0.681332 0.191990 0.057613 0.086956
0.165333 0.708527 0.297491 0.010979 0.023394
0.126126 0.663860 0.433567 0.072351 0.099293
0.093800 0.723708 0.264814 0.056087 0.081661
0.181599 0.682679 0.191990 0.057613 0.086956
0.165333 0.708527 0.297491 0.010979 0.023394
0.126126 0.663860 0.433567 0.072351 0.099293
0.093611 0.722844 0.264814 0.056087 0.081661
0.187932 0.678747 0.192092 0.059524 0.089886
0.165333 0.708527 0.297491 0.010979 0.023394
0.126126 0.663860 0.433567 0.072351 0.099293
0.093706 0.724324 0.264814 0.056087 0.081661
0.187932 0.678351 0.192092 0.059524 0.089886
0.165333 0.708527 0.297491 0.010979 0.023394
0.126126 0.663860 0.433567 0.072351 0.099293
0.093516 0.723197 0.264814 0.056087 0.081661
0.158561 0.679848 0.252313 0.051772 0.080815
0.146425 0.737883 0.277314 0.106616 0.131461
0.164353 0.748939 0.290105 0.109342 0.132974
0.128482 0.734921 0.353522 0.107868 0.130282
0.209460 0.782042 0.285857 0.166614 0.196790
0.145350 0.749227 0.227319 0.090145 0.110827
0.203757 0.669845 0.159533 0.039587 0.053650
0.135864 0.710912 0.265271 0.090655 0.109774
0.181818 0.633474 0.122939 0.008724 0.014371
0.262366 0.740368 0.182169 0.146717 0.189155
0.244520 0.777962 0.228620 0.172874 0.207947
0.235818 0.776281 0.226265 0.171772 0.202955
0.177181 0.764619 0.348542 0.133807 0.159425
0.198604 0.792071 0.265103 0.162998 0.191379
0.113468 0.654049 0.181066 0.029555 0.039427
0.157945 0.714842 0.207948 0.078845 0.105841
0.182977 0.768335 0.285500 0.132605 0.160441
0.191061 0.780438 0.293668 0.152762 0.180025
0.146626 0.739504 0.277314 0.106616 0.131461
0.164193 0.748888 0.290105 0.109342 0.132974
0.128482 0.734113 0.353522 0.107868 0.130282
0.113468 0.654156 0.181066 0.029555 0.039427
0.157563 0.713877 0.207948 0.078845 0.105841
0.182977 0.767250 0.285500 0.132605 0.160441
0.191215 0.780049 0.293668 0.152762 0.180025
0.209211 0.779974 0.285887 0.165889 0.196047
0.143938 0.748353 0.227363 0.090487 0.111206
0.204272 0.657964 0.158614 0.027138 0.038439
0.129911 0.710437 0.264923 0.085672 0.104480
0.156347 0.745138 0.286655 0.097295 0.123782
0.170811 0.752982 0.308390 0.114660 0.137925
0.166336 0.725496 0.213856 0.077842 0.108811
0.181818 0.633713 0.122939 0.008724 0.014371
0.262366 0.740629 0.182169 0.146717 0.189155
0.252026 0.777955 0.225281 0.170680 0.205502
0.237724 0.775853 0.226861 0.172357 0.203632
0.176063 0.764818 0.348542 0.133807 0.159425
0.198227 0.791627 0.265103 0.162998 0.191379
0.191469 0.729937 0.378277 0.135721 0.173718
0.194656 0.704878 0.277441 0.069924 0.099528
0.164251 0.726182 0.297498 0.057699 0.081112
0.231884 0.698008 0.260986 0.022163 0.039172
0.330177 0.768192 0.323553 0.133290 0.162162
0.285333 0.743452 0.302662 0.121818 0.136868
0.346426 0.785585 0.256962 0.242319 0.284705
0.233672 0.675940 0.228403 0.059093 0.087622
0.164405 0.670720 0.359979 0.090338 0.130733
0.041306 0.707887 0.236919 0.014406 0.021347
0.095255 0.626990 0.223836 0.015246 0.029950
0.245890 0.717486 0.193235 0.106698 0.132669
0.267267 0.702759 0.178045 0.082664 0.112489
0.220028 0.661839 0.189191 0.051335 0.083096
0.425726 0.745961 0.166035 0.123391 0.160935
0.235732 0.649580 0.207084 0.052714 0.075739
0.143023 0.648643 0.312219 0.042544 0.061233
0.194656 0.704878 0.277441 0.069924 0.099528
0.164251 0.726182 0.297498 0.057699 0.081112
0.231884 0.698008 0.260986 0.022163 0.039172
0.330177 0.768192 0.323553 0.133290 0.162162
0.285333 0.743452 0.302662 0.121818 0.136868
0.346426 0.785585 0.256962 0.242319 0.284705
0.233672 0.675940 0.228403 0.059093 0.087622
0.167625 0.673729 0.348732 0.086175 0.122727
0.041240 0.707634 0.236919 0.014406 0.021347
0.092543 0.631384 0.231185 0.017032 0.033979
0.244833 0.717316 0.193235 0.106698 0.132669
0.267601 0.700521 0.178045 0.082664 0.112489
0.220028 0.661839 0.189191 0.051335 0.083096
0.425726 0.745911 0.166035 0.123391 0.160935
0.235732 0.649580 0.207084 0.052714 0.075739
0.143023 0.647839 0.312219 0.042544 0.061233
0.194656 0.704878 0.277441 0.069924 0.099528
0.164251 0.726182 0.297498 0.057699 0.081112
0.231884 0.698008 0.260986 0.022163 0.039172
0.330177 0.768192 0.323553 0.133290 0.162162
0.285333 0.743452 0.302662 0.121818 0.136868
0.346426 0.785585 0.256962 0.242319 0.284705
0.233672 0.675940 0.228403 0.059093 0.087622
0.167625 0.674732 0.348732 0.086175 0.122727
0.041306 0.708697 0.236919 0.014406 0.021347
0.092543 0.629384 0.231185 0.017032 0.033979
0.246247 0.718000 0.193235 0.106698 0.132669
0.266934 0.702548 0.178045 0.082664 0.112489
0.220028 0.661839 0.189191 0.051335 0.083096
0.425726 0.745909 0.166035 0.123391 0.160935
0.236410 0.652162 0.207084 0.052714 0.075739
0.143023 0.648067 0.312219 0.042544 0.061233
0.144115 0.787330 0.401387 0.122439 0.134672
0.113525 0.676170 0.387764 0.066236 0.084612
0.168975 0.639811 0.229674 0.012536 0.016528
0.145485 0.641746 0.300357 0.011269 0.015357
0.163347 0.729057 0.301429 0.114267 0.135078
0.303053 0.772674 0.163828 0.202694 0.268665
0.065436 0.606477 0.171597 0.002680 0.003579
0.194494 0.825838 0.373262 0.178984 0.206451
0.236805 0.675940 0.290402 0.055050 0.074809
0.147128 0.696666 0.184305 0.057645 0.080644
0.112288 0.677020 0.378953 0.033786 0.051987
0.099576 0.669232 0.369308 0.033786 0.051987
0.144792 0.699561 0.185281 0.057645 0.080644
0.178174 0.718940 0.325167 0.090870 0.118950
0.182181 0.640405 0.169596 0.040190 0.055241
0.182181 0.640405 0.169596 0.040190 0.055241
0.182181 0.640405 0.169596 0.040190 0.055241
0.208480 0.717889 0.209942 0.094248 0.123015
0.222687 0.707230 0.300725 0.137515 0.176845
0.115199 0.700301 0.299265 0.084127 0.111007
0.039028 0.690173 0.301577 0.034057 0.045721
0.154447 0.774626 0.316318 0.104843 0.119602
0.169740 0.784082 0.369755 0.148369 0.174017
0.192607 0.656949 0.227831 0.052309 0.067424
0.169261 0.642725 0.173731 0.028304 0.046728
0.221277 0.677458 0.061851 0.016235 0.024777
0.166027 0.664559 0.133465 0.051326 0.073715
0.157303 0.700246 0.335371 0.091934 0.115029
0.157746 0.696416 0.335371 0.091934 0.115029
0.219583 0.698245 0.208787 0.070838 0.105365
0.198956 0.681731 0.257356 0.074543 0.102650
0.213821 0.688080 0.232111 0.070445 0.104588
0.164574 0.726169 0.228401 0.085831 0.117626
0.158681 0.721960 0.399743 0.076129 0.100205
0.057049 0.730849 0.341832 0.045232 0.058931
0.052611 0.720418 0.344981 0.032117 0.042523
0.072574 0.684184 0.257305 0.014842 0.020851
0.102289 0.695659 0.187157 0.021074 0.030898
0.123956 0.717834 0.235563 0.054344 0.074104
0.162573 0.664344 0.213786 0.013736 0.022935
0.199174 0.637590 0.110027 0.028792 0.052311
0.150359 0.745368 0.237425 0.094279 0.109776
0.247844 0.749924 0.198593 0.180807 0.221584
0.199489 0.714529 0.307024 0.120967 0.161425
0.110350 0.742669 0.396327 0.061770 0.078471
0.165744 0.716076 0.306749 0.071300 0.089011
0.131587 0.736176 0.341986 0.067040 0.083501
0.120377 0.701180 0.309474 0.059792 0.078858
0.217877 0.685874 0.252040 0.065988 0.101650
0.195980 0.709823 0.305921 0.007460 0.010589
0.193548 0.678656 0.172187 0.013838 0.023318
0.218243 0.687456 0.239441 0.115538 0.136537
0.113053 0.677616 0.116486 0.033066 0.041487
0.330808 0.745172 0.284602 0.162931 0.203819
0.179630 0.689710 0.173780 0.035509 0.050906
0.136328 0.659383 0.227669 0.052723 0.069733
0.184579 0.695782 0.295043 0.054608 0.080090
0.042815 0.610089 0.255479 0.010577 0.015753
0.041815 0.585047 0.288724 0.010226 0.015292
0.105517 0.658716 0.170189 0.034159 0.045121
0.098985 0.676234 0.332489 0.021755 0.035820
0.107296 0.623474 0.269630 0.013306 0.025707
0.099123 0.604458 0.247324 0.017761 0.035226
0.130904 0.660952 0.260438 0.023884 0.034569
0.138284 0.656696 0.281152 0.021986 0.032897
0.068452 0.611598 0.235173 0.013119 0.019035
0.124834 0.662714 0.210102 0.033885 0.052968
0.232012 0.706002 0.229960 0.058427 0.085076
0.179935 0.635583 0.319501 0.036597 0.053482
0.217808 0.670868 0.266861 0.053121 0.071048
0.201814 0.685372 0.361327 0.083600 0.117713
0.171815 0.696636 0.301815 0.062358 0.088274
0.164486 0.697507 0.330475 0.079490 0.100852
0.151248 0.731241 0.349109 0.062027 0.081950
0.242579 0.704097 0.321670 0.075976 0.101463
0.247396 0.670965 0.267708 0.096312 0.141838
0.186242 0.668737 0.309847 0.078671 0.116239
0.228737 0.724716 0.320037 0.181906 0.231951
0.270680 0.769798 0.363243 0.285263 0.350634
0.247382 0.705378 0.321451 0.171053 0.225704
0.234291 0.683720 0.157719 0.056654 0.096886
0.226917 0.694848 0.211463 0.077162 0.115173
0.261261 0.750406 0.184958 0.132849 0.172486
0.252080 0.721374 0.319972 0.166827 0.220137
0.249005 0.718298 0.333677 0.163402 0.216571
0.240063 0.738104 0.301145 0.178382 0.236097
0.235234 0.740598 0.286213 0.161111 0.216345
0.230717 0.715558 0.258784 0.147409 0.199698
0.240262 0.743155 0.270159 0.174969 0.222611
0.264577 0.706648 0.119547 0.066509 0.114745
0.221037 0.687715 0.272926 0.031523 0.056076
0.244026 0.737446 0.346152 0.204138 0.265279
0.242001 0.727934 0.350994 0.180667 0.239153
0.199402 0.699658 0.398626 0.155633 0.202577
0.201396 0.695992 0.398626 0.152820 0.198888
0.214765 0.696708 0.424319 0.167021 0.214340
0.223697 0.700495 0.432278 0.169873 0.211051
0.203244 0.694760 0.419009 0.169930 0.218555
0.250683 0.739124 0.366485 0.225502 0.284574
0.214218 0.696579 0.423553 0.166181 0.208513
0.216061 0.665446 0.405415 0.124029 0.162116
0.246653 0.719341 0.361293 0.204931 0.258117
0.210983 0.665303 0.400983 0.119587 0.156667
0.266879 0.764463 0.344540 0.239965 0.302078
0.222711 0.704241 0.353522 0.177814 0.229251
0.226432 0.740393 0.338716 0.209883 0.268554
0.258349 0.742450 0.088322 0.074106 0.131049
0.182058 0.677179 0.294127 0.036684 0.054692
0.206823 0.680962 0.135213 0.035329 0.046195
0.145719 0.634856 0.156024 0.027176 0.041963
0.235977 0.716854 0.199950 0.009803 0.019156
0.193182 0.682608 0.103376 0.013589 0.020654
0.185751 0.684094 0.272935 0.014580 0.019839
0.222049 0.703456 0.196332 0.045251 0.068609
0.217731 0.722237 0.177440 0.040725 0.066232
0.227035 0.694391 0.211471 0.077162 0.115173
0.261261 0.750406 0.184958 0.132849 0.172486
0.146277 0.704717 0.303929 0.044170 0.088064
0.186139 0.724378 0.177988 0.044514 0.065912
0.146277 0.704717 0.303929 0.044170 0.088064
0.186139 0.724378 0.177988 0.044514 0.065912
0.093049 0.684544 0.269161 0.031784 0.042519
0.098361 0.628327 0.227910 0.030014 0.037767
0.129957 0.690377 0.210909 0.036431 0.044342
0.196273 0.749342 0.214724 0.060268 0.068870
0.199732 0.683619 0.324673 0.121459 0.159038
0.093180 0.623703 0.224513 0.022274 0.028119
0.127959 0.690786 0.231468 0.044244 0.054462
0.196013 0.753352 0.214724 0.060268 0.068870
0.199732 0.683619 0.324673 0.121459 0.159038
0.022841 0.637389 0.355447 0.014256 0.020578
0.096421 0.748682 0.329717 0.071788 0.089585
0.148354 0.732288 0.296661 0.096965 0.127117
0.147950 0.688111 0.224070 0.059380 0.083195
0.120361 0.700769 0.252139 0.067628 0.085299
0.126066 0.713978 0.256790 0.075423 0.096992
0.179724 0.664132 0.232335 0.019038 0.025580
0.236735 0.653998 0.274000 0.036273 0.054261
0.098361 0.626321 0.227910 0.030014 0.037767
0.129347 0.690798 0.210909 0.036431 0.044342
0.196687 0.750323 0.214724 0.060268 0.068870
0.199732 0.683619 0.324673 0.121459 0.159038
0.093180 0.624734 0.224513 0.022274 0.028119
0.127959 0.689638 0.231468 0.044244 0.054462
0.196013 0.753118 0.214724 0.060268 0.068870
0.199732 0.683619 0.324673 0.121459 0.159038
0.209091 0.726727 0.345894 0.098574 0.126992
0.163859 0.633316 0.236976 0.034213 0.046970
0.143709 0.741103 0.209626 0.076147 0.103585
0.158160 0.641278 0.155951 0.047612 0.065741
0.206915 0.707119 0.194121 0.048127 0.066416
0.125376 0.624355 0.126766 0.023236 0.030835
0.269990 0.718004 0.165401 0.090194 0.133181
0.138254 0.677145 0.266392 0.066722 0.090175
0.168770 0.672441 0.240873 0.047459 0.064136
0.134344 0.665568 0.207056 0.065563 0.079654
0.191401 0.651213 0.217344 0.034541 0.046580
0.528302 0.847809 0.605009 0.612056 0.633576
0.183417 0.706247 0.351178 0.062145 0.074426
0.178771 0.705599 0.338871 0.052295 0.064480
0.127976 0.644346 0.284870 0.016539 0.023313
0.180879 0.675722 0.255919 0.005259 0.009642
0.216475 0.700656 0.275984 0.014645 0.021445
0.156328 0.666311 0.324330 0.025871 0.036890
0.223058 0.694869 0.280172 0.043218 0.067054
0.117113 0.668340 0.261292 0.050386 0.072234
0.127976 0.644346 0.284870 0.016539 0.023313
0.180879 0.675722 0.255919 0.005259 0.009642
0.216475 0.700656 0.275984 0.014645 0.021445
0.156328 0.666311 0.324330 0.025871 0.036890
0.223058 0.694869 0.280172 0.043218 0.067054
0.112130 0.662553 0.247233 0.045173 0.063762
0.121807 0.694831 0.262098 0.011929 0.016586
0.099851 0.627300 0.227910 0.030014 0.037767
0.129347 0.689153 0.210909 0.036431 0.044342
0.196273 0.749178 0.214724 0.060268 0.068870
0.199732 0.683619 0.324673 0.121459 0.159038
0.093180 0.624504 0.224513 0.022274 0.028119
0.127959 0.689313 0.231468 0.044244 0.054462
0.196013 0.752637 0.214724 0.060268 0.068870
0.199732 0.683619 0.324673 0.121459 0.159038
0.155052 0.641872 0.189971 0.013066 0.024612
0.192084 0.685801 0.306626 0.072061 0.092374
0.205224 0.686207 0.269326 0.132691 0.172055
0.203020 0.681420 0.238629 0.128871 0.161200
0.158189 0.691431 0.160353 0.077778 0.102801
0.186879 0.705273 0.350641 0.096990 0.127720
0.174359 0.679839 0.254843 0.003975 0.016740
0.181570 0.688804 0.217978 0.047895 0.064662
0.201288 0.694452 0.261903 0.120360 0.157766
0.230624 0.692649 0.318907 0.019649 0.033057
0.114525 0.671783 0.348635 0.011700 0.017775
0.148536 0.634052 0.167938 0.011521 0.019666
0.148536 0.633754 0.167938 0.011521 0.019666
0.094986 0.622901 0.194094 0.004381 0.006496
0.168959 0.674095 0.151641 0.039935 0.055283
0.105263 0.658315 0.192196 0.009231 0.012631
0.499550 0.838490 0.327194 0.191409 0.236049
0.470738 0.834510 0.340413 0.224094 0.270636
0.477916 0.836338 0.328347 0.207803 0.251614
0.479386 0.838851 0.315642 0.189463 0.233794
0.162511 0.725381 0.206541 0.070368 0.100357
0.190009 0.702958 0.134077 0.035076 0.055728
0.171684 0.684529 0.293857 0.083186 0.112225
0.220729 0.712133 0.324716 0.062298 0.077247
0.188216 0.672814 0.159835 0.031254 0.044662
0.161111 0.704371 0.140412 0.054264 0.079613
0.210177 0.680465 0.246154 0.080317 0.125123
0.227823 0.687175 0.146212 0.074789 0.110178
0.215253 0.707475 0.163663 0.086536 0.117063
0.217925 0.681532 0.253625 0.049567 0.073808
0.152226 0.701728 0.336912 0.072010 0.091577
0.160656 0.701341 0.319228 0.069101 0.090345
0.226693 0.712937 0.198476 0.089671 0.137059
0.219186 0.696228 0.174791 0.065616 0.096163
0.269504 0.676439 0.194404 0.071663 0.099690
0.289658 0.726559 0.191994 0.113068 0.159372
0.235450 0.702107 0.168579 0.103685 0.139327
0.234127 0.706914 0.168579 0.103685 0.139327
0.209591 0.697096 0.298122 0.115045 0.145274
0.218150 0.693330 0.298122 0.115045 0.146554
0.204589 0.706131 0.308008 0.064499 0.092634
0.176009 0.649231 0.135778 0.031717 0.050196
0.205128 0.707680 0.252564 0.077069 0.106293
0.140000 0.654741 0.263807 0.016592 0.026033
0.283491 0.694973 0.217629 0.070390 0.092956
0.171007 0.665163 0.273985 0.042549 0.057604
0.153017 0.668922 0.214657 0.045755 0.066527
0.215017 0.657106 0.194680 0.046259 0.084585
0.152510 0.690557 0.264924 0.009972 0.015977
0.161497 0.662491 0.288902 0.030552 0.041329
0.222591 0.656001 0.214231 0.008049 0.014265
0.216518 0.715560 0.215999 0.078117 0.104100
0.150895 0.674459 0.315260 0.039373 0.048967
0.134435 0.645517 0.169423 0.042993 0.063298
0.137225 0.601406 0.174936 0.003873 0.006860
0.143590 0.688203 0.263078 0.021150 0.039496
0.150847 0.687581 0.227387 0.024857 0.042912
0.087971 0.619378 0.387827 0.006464 0.012284
0.252235 0.760409 0.120927 0.063961 0.078952
0.168712 0.654514 0.245011 0.058716 0.090016
0.075320 0.656988 0.412194 0.037480 0.061505
0.084034 0.671925 0.355504 0.039104 0.056408
0.098441 0.661070 0.105390 0.024764 0.037951
0.224335 0.712892 0.203243 0.127751 0.154935
0.219905 0.710880 0.252558 0.150402 0.197973
0.181818 0.675509 0.158005 0.056057 0.076485
0.167712 0.681231 0.231530 0.058645 0.070857
0.168770 0.692449 0.232648 0.062794 0.075452
0.170673 0.693832 0.293633 0.015276 0.020084
0.143396 0.673424 0.213083 0.029855 0.038940
0.180608 0.713792 0.328054 0.120815 0.157446
0.108618 0.662161 0.272266 0.038153 0.047028
0.190852 0.677511 0.256669 0.057207 0.073887
0.238019 0.733352 0.286391 0.164235 0.196225
0.218944 0.729632 0.303359 0.149393 0.178607
0.339143 0.790565 0.317196 0.265253 0.305433
0.205592 0.717508 0.225679 0.125704 0.162356
0.208877 0.692814 0.191714 0.103036 0.135318
0.289934 0.718550 0.197861 0.157857 0.201328
0.187750 0.697178 0.270567 0.086837 0.104835
0.211285 0.694471 0.218651 0.109194 0.137022
0.192742 0.696806 0.144304 0.024005 0.033677
0.183486 0.683223 0.147455 0.012339 0.017873
0.147870 0.706636 0.265071 0.012717 0.017313
0.075320 0.657681 0.412194 0.037480 0.061505
0.084034 0.673255 0.355504 0.039104 0.056408
0.098441 0.661070 0.105390 0.024764 0.037951
0.224335 0.712892 0.203243 0.127751 0.154935
0.219905 0.712149 0.252558 0.150402 0.197973
0.184685 0.677521 0.158005 0.056057 0.076485
0.167712 0.681231 0.231530 0.058645 0.070857
0.168770 0.692449 0.232648 0.062794 0.075452
0.170673 0.693832 0.293633 0.015276 0.020084
0.143396 0.673642 0.213083 0.029855 0.038940
0.180608 0.713792 0.328054 0.120815 0.157446
0.108618 0.661018 0.272266 0.038153 0.047028
0.190852 0.677511 0.256669 0.057207 0.073887
0.238019 0.733352 0.286391 0.164235 0.196225
0.218944 0.729225 0.303359 0.149393 0.178607
0.339143 0.790243 0.332347 0.265253 0.305433
0.205592 0.717508 0.225679 0.125704 0.162356
0.208877 0.692814 0.191714 0.103036 0.135318
0.289934 0.718550 0.197861 0.157857 0.201328
0.189081 0.697850 0.270567 0.086837 0.104835
0.211285 0.694471 0.218651 0.109194 0.137022
0.192568 0.696671 0.144304 0.024005 0.033677
0.183486 0.683223 0.147455 0.012339 0.017873
0.147870 0.706636 0.265071 0.012717 0.017313
0.171779 0.640145 0.267939 0.004954 0.028994
0.089636 0.671894 0.355504 0.039104 0.056408
0.098441 0.661070 0.105390 0.024764 0.037951
0.224335 0.712892 0.203243 0.127751 0.154935
0.219905 0.711388 0.252558 0.150402 0.197973
0.184685 0.677521 0.158005 0.056057 0.076485
0.167712 0.681231 0.231530 0.058645 0.070857
0.168770 0.692449 0.232648 0.062794 0.075452
0.170673 0.693832 0.293633 0.015276 0.020084
0.143396 0.673093 0.213083 0.029855 0.038940
0.180608 0.713792 0.328054 0.120815 0.157446
0.108618 0.661486 0.272266 0.038153 0.047028
0.190852 0.677511 0.256669 0.057207 0.073887
0.238019 0.733352 0.286391 0.164235 0.196225
0.218944 0.729225 0.303359 0.149393 0.178607
0.339143 0.790243 0.332347 0.265253 0.305433
0.205592 0.717508 0.225679 0.125704 0.162356
0.208877 0.692814 0.191714 0.103036 0.135318
0.289934 0.718550 0.197861 0.157857 0.201328
0.188415 0.696273 0.270567 0.086837 0.104835
0.211285 0.694471 0.218651 0.109194 0.137022
0.192394 0.697114 0.144304 0.024005 0.033677
0.183486 0.683223 0.147455 0.012339 0.017873
0.147870 0.706636 0.265071 0.012717 0.017313
0.075320 0.657494 0.412194 0.037480 0.061505
0.084034 0.673119 0.355504 0.039104 0.056408
0.098441 0.661070 0.105390 0.024764 0.037951
0.224335 0.712892 0.203243 0.127751 0.154935
0.219905 0.711910 0.252558 0.150402 0.197973
0.181818 0.675509 0.158005 0.056057 0.076485
0.167712 0.681231 0.231530 0.058645 0.070857
0.168770 0.692449 0.232648 0.062794 0.075452
0.170673 0.693832 0.293633 0.015276 0.020084
0.143396 0.673754 0.213083 0.029855 0.038940
0.180608 0.713792 0.328054 0.120815 0.157446
0.108618 0.660144 0.272266 0.038153 0.047028
0.190852 0.677511 0.256669 0.057207 0.073887
0.238019 0.733352 0.286391 0.164235 0.196225
0.218944 0.729225 0.303359 0.149393 0.178607
0.339143 0.790243 0.332347 0.265253 0.305433
0.205592 0.717508 0.225679 0.125704 0.162356
0.208877 0.692814 0.191714 0.103036 0.135318
0.289934 0.718550 0.197861 0.157857 0.201328
0.189081 0.696541 0.270567 0.086837 0.104835
0.211285 0.694471 0.218651 0.109194 0.137022
0.193089 0.698105 0.144304 0.024005 0.033677
0.183486 0.683223 0.147455 0.012339 0.017873
0.147870 0.706636 0.265071 0.012717 0.017313
0.075320 0.657614 0.412194 0.037480 0.061505
0.084034 0.673468 0.355504 0.039104 0.056408
0.098441 0.661070 0.105390 0.024764 0.037951
0.224335 0.712892 0.203243 0.127751 0.154935
0.219905 0.712058 0.252558 0.150402 0.197973
0.181818 0.675509 0.158005 0.056057 0.076485
0.167712 0.681231 0.231530 0.058645 0.070857
0.168770 0.692449 0.232648 0.062794 0.075452
0.170673 0.693832 0.293633 0.015276 0.020084
0.143396 0.673977 0.213083 0.029855 0.038940
0.180608 0.713792 0.328054 0.120815 0.157446
0.108618 0.659998 0.272266 0.038153 0.047028
0.190852 0.677511 0.256669 0.057207 0.073887
0.238019 0.733352 0.286391 0.164235 0.196225
0.218944 0.729632 0.303359 0.149393 0.178607
0.339143 0.790803 0.324771 0.265253 0.305433
0.205592 0.717508 0.225679 0.125704 0.162356
0.208877 0.692814 0.191714 0.103036 0.135318
0.289934 0.718550 0.197861 0.157857 0.201328
0.187750 0.697110 0.270567 0.086837 0.104835
0.211285 0.694471 0.218651 0.109194 0.137022
0.192394 0.696492 0.144304 0.024005 0.033677
0.183486 0.683223 0.147455 0.012339 0.017873
0.147870 0.706636 0.265071 0.012717 0.017313
AVERAGE 0.185103 0.689033 0.256799 0.070272 0.093281
