1 1 0.549414 0 0 0 0 16.2 11.08 100 0
0 0 0.65 0 0 0 0 0 0 0 0
1 0 0.627049 0 0 0 0 15.84 10.98 88.89 0
1 0 0.576923 0 0 0 0 15.31 9.69 66.67 0
0 0 0.262117 0 0 0 0 0 0 0 0
0 0 0.642222 0 0 0 0 0 0 0 0
1 1 0.674286 0 0 0 0 15.47 10.15 100 0
1 0 0.601911 0 0 0 0 0 0 0 0
1 0 0.756098 0 0 0 0 15.52 10.2 75 0
1 0 0.711009 0 0 0 0 15.11 9.96 100 0
1 1 0.538462 0 0 0 0 15.17 9.89 100 0
1 0 0.508982 0 0 0 0 15.02 9.59 100 0
1 0 0.44 0 0 0 0 14.56 9.42 100 0
1 0 0.553719 0 0 0 0 15.98 11.4 100 0
1 1 0.59596 0 0 0 0 15.16 9.98 100 0
1 0 0.625706 0 0 0 0 0 0 0 0
1 1 0.559633 0 0 0 0 14.69 9.02 57.14 0
1 0 0.579505 0 0 0 0 15.71 10.15 100 0
1 0 0.75974 0 0 0 0 15.43 10.24 100 0
1 1 0.705882 0 0 0 0 16.71 10.96 100 0
1 1 0.633166 0 0 0 0 15.39 10.44 100 0
0 0 0.442408 0 0 0 0 0 0 0 0
1 1 0.821429 0 0 0 0 15.28 9.98 100 0
1 1 0.568984 0 0 0 0 17.6 12.95 100 0
1 0 0.504178 0 0 0 0 14.99 9.3 100 0
1 1 0.543624 0 0 0 0 15.2 9.68 45.45 0
1 1 0.551515 0 0 0 0 15.52 10.15 100 0
1 1 0.62037 0 0 0 0 15.8 10.94 100 0
1 1 0.543478 0 0 0 0 16.08 10.3 100 0
1 1 0.398352 0 0 0 0 16.88 11.13 100 0
1 1 0.787879 0 0 0 0 15.38 10.56 100 0
1 1 0.5 0 0 0 0 15.96 10.99 100 0
1 1 0.848684 0 0 0 0 15.51 10.48 100 0
1 1 0.574007 0 0 0 0 15.61 10.74 52.38 0
1 1 0.644068 0 0 0 0 14.89 9.54 100 0
0 0 0.503299 0 0 0 0 0 0 0 0
1 0 0.545961 0 0 0 0 0 0 0 0
1 0 0.610256 0 0 0 0 0 0 0 0
1 0 0.619171 0 0 0 0 0 0 0 0
1 1 0.705224 0 0 0 0 14.81 9.07 44.44 0
1 1 0.675889 0 0 0 0 15.65 10.81 100 0
1 1 0.758333 0 0 0 0 15.41 10.15 100 0
1 0 0.641176 0 0 0 0 15.46 10.07 100 0
0 0 0.397866 0 0 0 0 0 0 0 0
1 1 0.530516 0 0 0 0 15.31 10.48 100 0
1 0 0.539007 0 0 0 0 16.55 11.27 74.07 0
1 1 0.694118 0 0 0 0 15.62 10.48 100 0
0 0 0.225901 0 0 0 0 0 0 0 0
1 0 0.483376 0 0 0 0 16.22 11.3 84 0
0 0 0.259179 0 0 0 0 0 0 0 0
1 1 0.700542 0 0 0 0 14.93 9.15 29.17 0
1 0 0.416944 0 0 0 0 16.15 11.73 86.36 0
1 1 0.880952 0 0 0 0 14.89 9.47 100 0
0 0 0.565996 0 0 0 0 0 0 0 0
1 0 0.684848 0 0 0 0 0 0 0 0
1 1 0.445755 0 0 0 0 19.84 13.09 100 0
1 1 0.761905 0 0 0 0 15.39 10.15 100 0
1 0 0.646503 0 0 0 0 20.73 14.14 100 0
0 0 0.480947 0 0 0 0 0 0 0 0
1 1 0.648649 0 0 0 0 15.32 10.65 100 0
1 0 0.541209 0 0 0 0 15.75 10.66 80 0
1 0 0.418487 0 0 0 0 17.87 13.91 100 0
0 0 0.696028 0 0 0 0 0 0 0 0
1 0 0.81457 0 0 0 0 15.5 10.58 100 0
1 1 0.977778 0 0 0 0 14.83 9.47 100 0
1 0 0.61413 0 0 0 0 14.82 9.24 75 0
1 1 0.885714 0 0 0 0 14.79 9.47 100 0
1 1 0.641975 0 0 0 0 20.17 13.58 93.33 0
1 1 0.568773 0 0 0 0 15.57 10.98 100 0
1 0 0.54386 0 0 0 0 14.46 8.56 46.67 0
1 1 0.541516 0 0 0 0 16.04 11.14 100 0
1 1 0.590129 0 0 0 0 16.34 11.86 100 0
0 0 0.1 0 0 0 0 0 0 0 0
1 0 0.47234 0 0 0 0 15.71 10.63 100 0
1 1 0.507692 0 0 0 0 15.91 11.31 100 0
1 1 0.512195 0 0 0 0 18.95 12.32 95.83 0
1 1 0.756972 0 0 0 0 15.49 11.14 100 0
1 1 0.639922 0 0 0 0 16.62 12.11 100 0
1 0 0.525126 0 0 0 0 16.1 11.05 86.67 0
1 0 0.620896 0 0 0 0 15.75 11.38 100 0
1 0 0.555046 0 0 0 0 15.42 10.98 100 0
0 0 0.680556 0 0 0 0 0 0 0 0
1 1 0.592493 0 0 0 0 15.6 9.74 66.67 0
1 0 0.517442 0 0 0 0 15.65 10.42 40 0
1 1 0.835979 0 0 0 0 15.59 9.81 100 0
1 1 0.575758 0 0 0 0 15.02 8.91 100 0
1 0 0.458647 0 0 0 0 18.71 14.61 100 0
1 0 0.605948 0 0 0 0 0 0 0 0
1 1 0.590331 0 0 0 0 16.77 11.29 88.89 0
0 0 0.537037 0 0 0 0 0 0 0 0
0 0 0.484 0 0 0 0 0 0 0 0
1 1 0.505718 0 0 0 0 14.28 8.77 15 0
1 1 0.451219 0 0 0 0 15.26 9.15 100 0
1 0 0.535014 0 0 0 0 0 0 0 0
1 0 0.698936 0 0 0 0 17.85 14.77 100 0
1 0 0.688623 0 0 0 0 15.46 10.24 100 0
1 1 0.761134 0 0 0 0 16.12 10.48 100 0
1 1 0.883929 0 0 0 0 15.31 10.22 100 0
1 1 0.499162 0 0 0 0 14.87 9.3 76 0
1 0 0.64375 0 0 0 0 15.19 9.91 100 0
1 1 0.469565 0 0 0 0 15.45 10.72 100 0
1 1 0.564103 0 0 0 0 20.39 16.67 100 0
1 1 0.623053 0 0 0 0 15.41 9.89 64.29 0
0 0 0.701923 0 0 0 0 0 0 0 0
1 0 0.517375 0 0 0 0 15.01 9.46 62.5 0
1 0 0.469799 0 0 0 0 16.08 10.83 100 0
1 1 0.718894 0 0 0 0 15.96 10.81 100 0
1 1 0.475138 0 0 0 0 15.55 10.48 100 0
1 1 0.660131 0 0 0 0 15.86 10.66 100 0
1 1 0.565359 0 0 0 0 15.96 11.21 100 0
1 0 0.553846 0 0 0 0 15.23 10.09 83.33 0
1 1 0.491103 0 0 0 0 16.82 10.97 90 0
1 1 0.639456 0 0 0 0 15.3 10.65 100 0
1 1 0.559322 0 0 0 0 15.04 9.81 100 0
1 1 0.464896 0 0 0 0 19.53 12.94 100 0
1 1 0.383425 0 0 0 0 21.02 14.57 93.33 0
