0.143831 0.650165 0.203507 0.025950 0.037857
0.143211 0.650929 0.203507 0.025950 0.037857
0.143211 0.651313 0.203507 0.025950 0.037857
0.000000 0.000000 0.250000 0.000000 0.000000
0.203690 0.718114 0.207276 0.092440 0.123125
0.158857 0.678204 0.245907 0.028079 0.037973
0.162471 0.673927 0.234413 0.028079 0.039092
0.193651 0.671661 0.131218 0.029798 0.045430
0.190418 0.656699 0.219173 0.073611 0.094143
0.051770 0.680936 0.129802 0.030216 0.045676
0.052152 0.694969 0.194242 0.022048 0.033853
0.122943 0.758011 0.261937 0.070018 0.087687
0.226573 0.729218 0.260294 0.096785 0.129515
0.253870 0.693619 0.268886 0.038262 0.047449
0.460245 0.769956 0.543347 0.244330 0.282111
0.139078 0.637606 0.260574 0.003393 0.005039
0.166842 0.707246 0.158307 0.033318 0.047044
0.186457 0.684453 0.106590 0.025920 0.055370
0.186992 0.616861 0.255275 0.002866 0.004140
0.189415 0.658853 0.259706 0.006310 0.009627
0.000000 0.000000 0.250000 0.000000 0.000000
0.097843 0.656406 0.263342 0.050539 0.067768
0.119751 0.730065 0.207502 0.056480 0.077385
0.000000 0.000000 0.250000 0.000000 0.000000
0.112994 0.647209 0.368566 0.086063 0.106449
0.110803 0.632364 0.349354 0.076627 0.100783
0.323171 0.732661 0.448832 0.107439 0.121491
0.118758 0.711510 0.270052 0.031872 0.032717
0.122902 0.671625 0.278250 0.034195 0.043122
0.199336 0.673573 0.152168 0.036560 0.048574
0.209571 0.674767 0.289605 0.024880 0.027653
0.149383 0.667787 0.276419 0.040124 0.044422
0.137026 0.684401 0.150541 0.031037 0.039159
0.186829 0.665845 0.193468 0.048226 0.069599
0.219114 0.697435 0.208385 0.071008 0.084422
0.186321 0.695483 0.218291 0.050831 0.064920
0.000000 0.000000 0.250000 0.000000 0.000000
0.061308 0.656331 0.396229 0.069317 0.082807
0.150611 0.638376 0.240724 0.003603 0.006609
0.126316 0.609736 0.189226 0.018726 0.029549
0.216149 0.693351 0.279994 0.035662 0.051670
0.046315 0.668310 0.211129 0.015360 0.023616
0.251888 0.744966 0.266720 0.189672 0.255313
0.269384 0.689016 0.246090 0.037596 0.060899
0.203046 0.674851 0.268614 0.049605 0.099312
0.172233 0.677399 0.209962 0.040204 0.060550
0.164782 0.662168 0.194926 0.025750 0.047295
0.172016 0.680504 0.099316 0.027541 0.039963
0.142268 0.648167 0.148654 0.031350 0.049527
0.118280 0.704963 0.269330 0.030329 0.041259
0.191646 0.706981 0.231905 0.030461 0.045523
0.191646 0.699647 0.231905 0.030461 0.045523
0.184158 0.678647 0.156129 0.010948 0.018045
0.211221 0.707413 0.161821 0.011701 0.017621
0.152006 0.653758 0.220976 0.026767 0.039837
0.141463 0.700005 0.368033 0.047342 0.063349
0.104545 0.685309 0.342215 0.034418 0.050630
0.195138 0.706384 0.210113 0.068897 0.102748
0.084716 0.626325 0.059884 0.022201 0.030841
0.165919 0.689547 0.281012 0.025558 0.041962
0.177326 0.632057 0.297961 0.016059 0.020648
0.182081 0.651704 0.297961 0.016059 0.020648
0.146628 0.659806 0.310289 0.016981 0.021146
0.143695 0.662578 0.310289 0.016981 0.021146
0.114943 0.674442 0.346714 0.014945 0.020111
0.099415 0.649643 0.346714 0.014945 0.020111
0.265421 0.702945 0.110021 0.104377 0.134968
0.152047 0.669558 0.406781 0.044979 0.071527
0.172210 0.647264 0.128637 0.039580 0.070935
0.226087 0.694254 0.186951 0.046034 0.075140
0.204348 0.677326 0.283969 0.079191 0.125743
0.184433 0.634684 0.192182 0.010392 0.020267
0.191111 0.668594 0.139996 0.069249 0.123701
0.166230 0.669374 0.240849 0.045095 0.072997
0.204604 0.651152 0.260257 0.036119 0.055194
0.217687 0.631818 0.250690 0.015886 0.027809
0.218182 0.679985 0.159589 0.033158 0.057280
0.159162 0.622995 0.113806 0.013935 0.029176
0.189003 0.656785 0.187161 0.038389 0.067284
0.194805 0.637896 0.129926 0.012624 0.024556
0.202265 0.675941 0.218189 0.046967 0.082564
0.154040 0.719060 0.506793 0.054694 0.089172
0.162548 0.710260 0.087095 0.042219 0.058353
0.046315 0.667221 0.211129 0.015360 0.023616
0.275771 0.751510 0.274653 0.223951 0.293950
0.238569 0.725510 0.219297 0.083750 0.124780
0.269384 0.689016 0.246090 0.037596 0.060899
0.203046 0.674851 0.268614 0.049605 0.099312
0.172233 0.678204 0.209962 0.040204 0.060550
0.164459 0.662347 0.194926 0.025750 0.047295
0.172428 0.680367 0.099316 0.027541 0.039963
0.142268 0.649313 0.148654 0.031350 0.049527
0.118280 0.704963 0.269330 0.030329 0.041259
0.191646 0.706981 0.231905 0.030461 0.045523
0.191646 0.699647 0.231905 0.030461 0.045523
0.184158 0.678647 0.156129 0.010948 0.018045
0.211221 0.707413 0.161821 0.011701 0.017621
0.152006 0.653312 0.220976 0.026767 0.039837
0.141463 0.700005 0.368033 0.047342 0.063349
0.104545 0.684732 0.342215 0.034418 0.050630
0.194939 0.705043 0.210129 0.068897 0.102748
0.084716 0.626941 0.059884 0.022201 0.030841
0.165919 0.689547 0.281012 0.025558 0.041962
0.177326 0.632057 0.297961 0.016059 0.020648
0.182081 0.651704 0.297961 0.016059 0.020648
0.146628 0.659806 0.310289 0.016981 0.021146
0.143695 0.662578 0.310289 0.016981 0.021146
0.114943 0.674442 0.346714 0.014945 0.020111
0.099415 0.649643 0.346714 0.014945 0.020111
0.265421 0.702945 0.110021 0.104377 0.134968
0.152047 0.669558 0.406781 0.044979 0.071527
0.172210 0.647264 0.128637 0.039580 0.070935
0.226087 0.694254 0.186951 0.046034 0.075140
0.204348 0.677326 0.283969 0.079191 0.125743
0.184433 0.634684 0.192182 0.010392 0.020267
0.191111 0.668594 0.139996 0.069249 0.123701
0.166230 0.669374 0.240849 0.045095 0.072997
0.204604 0.651152 0.260257 0.036119 0.055194
0.217687 0.631818 0.250690 0.015886 0.027809
0.218182 0.679985 0.159589 0.033158 0.057280
0.159162 0.623394 0.113806 0.013935 0.029176
0.189003 0.656785 0.187161 0.038389 0.067284
0.194805 0.637896 0.129926 0.012624 0.024556
0.202265 0.675861 0.218189 0.046967 0.082564
0.154040 0.719060 0.506793 0.054694 0.089172
0.162928 0.710435 0.087095 0.042219 0.058353
0.000000 0.000000 0.250000 0.000000 0.000000
0.110366 0.647978 0.115177 0.018706 0.031319
0.289931 0.705341 0.216149 0.127562 0.167761
0.221649 0.718609 0.203628 0.070434 0.092847
0.193656 0.683547 0.248239 0.064422 0.079238
0.141907 0.694932 0.314364 0.006581 0.008889
0.177112 0.711386 0.204454 0.066434 0.087518
0.212585 0.660175 0.219148 0.045714 0.060900
0.250996 0.736246 0.414307 0.087005 0.114495
0.110465 0.612945 0.251132 0.027387 0.042889
0.237179 0.709026 0.150665 0.065299 0.073943
0.258503 0.652333 0.199137 0.005750 0.009226
0.243553 0.665133 0.107442 0.007191 0.011261
0.150376 0.638045 0.200714 0.024717 0.034451
0.171416 0.735518 0.344815 0.087255 0.105433
0.174052 0.702076 0.265496 0.083331 0.105804
0.057655 0.610423 0.283879 0.016899 0.026478
0.103130 0.720763 0.227178 0.047027 0.063228
0.156853 0.643447 0.180531 0.005529 0.008583
0.180769 0.664258 0.278294 0.030712 0.039497
0.184080 0.669672 0.232335 0.027893 0.035505
0.234088 0.657818 0.184445 0.059921 0.085163
0.187811 0.651933 0.213559 0.025089 0.033084
0.207560 0.688795 0.287823 0.076810 0.098391
0.078335 0.632444 0.392854 0.042908 0.056612
0.188377 0.675631 0.169052 0.058192 0.079212
0.116541 0.620833 0.163290 0.025148 0.035184
0.100694 0.643161 0.150352 0.013723 0.022163
0.216769 0.632873 0.139868 0.012562 0.017944
0.101343 0.622748 0.238997 0.008991 0.012406
0.096227 0.678241 0.095111 0.010104 0.012837
0.179871 0.674089 0.155985 0.032209 0.047524
0.188377 0.675631 0.169052 0.058192 0.079212
0.117293 0.621343 0.163290 0.025148 0.035184
0.100694 0.643077 0.150352 0.013723 0.022163
0.216769 0.632873 0.139868 0.012562 0.017944
0.101343 0.623586 0.238997 0.008991 0.012406
0.096227 0.678147 0.095111 0.010104 0.012837
0.179871 0.673523 0.155985 0.032209 0.047524
0.188377 0.675631 0.169052 0.058192 0.079212
0.117293 0.619853 0.163290 0.025148 0.035184
0.100694 0.644260 0.150352 0.013723 0.022163
0.216769 0.632873 0.139868 0.012562 0.017944
0.101343 0.622683 0.238997 0.008991 0.012406
0.096227 0.677882 0.095111 0.010104 0.012837
0.179871 0.675288 0.155985 0.032209 0.047524
0.188377 0.675631 0.169052 0.058192 0.079212
0.117293 0.622114 0.163290 0.025148 0.035184
0.100694 0.643175 0.150352 0.013723 0.022163
0.216769 0.632873 0.139868 0.012562 0.017944
0.101343 0.623331 0.238997 0.008991 0.012406
0.096227 0.678106 0.095111 0.010104 0.012837
0.179871 0.675459 0.155985 0.032209 0.047524
0.188377 0.675631 0.169052 0.058192 0.079212
0.118045 0.622301 0.163290 0.025148 0.035184
0.100694 0.643095 0.150352 0.013723 0.022163
0.216769 0.632873 0.139868 0.012562 0.017944
0.101343 0.622346 0.238997 0.008991 0.012406
0.096227 0.678198 0.095111 0.010104 0.012837
0.179871 0.674582 0.155985 0.032209 0.047524
0.000000 0.000000 0.250000 0.000000 0.000000
0.250660 0.698712 0.230500 0.101061 0.146766
0.130564 0.656193 0.257350 0.038558 0.050703
0.265121 0.718513 0.271511 0.097531 0.141119
0.172009 0.667773 0.332025 0.097068 0.134675
0.205607 0.704811 0.195715 0.052184 0.062638
0.105752 0.645774 0.335974 0.047890 0.064947
0.069841 0.616165 0.636360 0.073965 0.096268
0.176600 0.709061 0.292029 0.059660 0.086472
0.205977 0.674526 0.161154 0.076381 0.108421
0.179113 0.696538 0.131125 0.050514 0.074107
0.000000 0.000000 0.250000 0.000000 0.000000
0.000000 0.000000 0.250000 0.000000 0.000000
0.099502 0.673020 0.192979 0.015709 0.025816
0.075931 0.638295 0.230426 0.017514 0.030028
0.086345 0.627676 0.366121 0.025778 0.037121
0.072340 0.631087 0.173342 0.009341 0.015560
0.066807 0.603985 0.341069 0.017168 0.026233
0.189895 0.655109 0.216936 0.047860 0.070763
0.229804 0.665129 0.193510 0.033207 0.060223
0.093890 0.615209 0.191134 0.010669 0.023423
0.233333 0.657017 0.072329 0.026314 0.046371
0.000000 0.000000 0.250000 0.000000 0.000000
0.230476 0.678063 0.186970 0.024762 0.040892
0.149141 0.662692 0.169375 0.027818 0.038809
0.257911 0.809078 0.173475 0.031485 0.047371
0.198128 0.762229 0.239742 0.065289 0.087561
0.157274 0.637788 0.243246 0.036347 0.054494
0.066135 0.607084 0.278980 0.006980 0.008964
0.241026 0.688591 0.143847 0.066487 0.091070
0.206258 0.687425 0.193843 0.039892 0.058064
0.156238 0.649711 0.114070 0.008112 0.011767
0.200328 0.651401 0.110972 0.010294 0.014608
0.346734 0.742042 0.227539 0.194362 0.227720
0.246324 0.727778 0.178724 0.102121 0.130836
0.236531 0.685291 0.071750 0.035713 0.062842
0.212824 0.678239 0.268091 0.040094 0.058743
0.155779 0.624750 0.210960 0.008766 0.014300
0.179589 0.689431 0.179660 0.060765 0.074890
0.173913 0.679427 0.169513 0.038723 0.051658
0.281690 0.686075 0.159358 0.091204 0.113921
0.235054 0.690885 0.250188 0.046847 0.074541
0.121007 0.676013 0.270769 0.033389 0.046732
0.172414 0.647779 0.239969 0.057064 0.089612
0.179950 0.689508 0.179660 0.060765 0.074890
0.173913 0.679427 0.169513 0.038723 0.051658
0.281690 0.686075 0.159358 0.091204 0.113921
0.235054 0.690885 0.250188 0.046847 0.074541
0.120039 0.675932 0.270769 0.033389 0.046732
0.172414 0.647779 0.239969 0.057064 0.089612
0.180043 0.689770 0.179692 0.061231 0.075398
0.173913 0.679427 0.169513 0.038723 0.051658
0.281690 0.686075 0.159358 0.091204 0.113921
0.235054 0.690885 0.250188 0.046847 0.074541
0.120039 0.676250 0.270769 0.033389 0.046732
0.172414 0.647779 0.239969 0.057064 0.089612
0.144458 0.640010 0.219801 0.039652 0.053192
0.151420 0.651995 0.170633 0.031041 0.041679
0.144458 0.639548 0.219801 0.039652 0.053192
0.151420 0.651995 0.170633 0.031041 0.041679
0.125351 0.641000 0.183166 0.030194 0.049729
0.227975 0.659300 0.199406 0.052677 0.078554
0.000000 0.000000 0.250000 0.000000 0.000000
0.000000 0.000000 0.250000 0.000000 0.000000
0.191268 0.668569 0.247685 0.024334 0.040469
0.071035 0.642202 0.231890 0.050664 0.083669
0.018428 0.649828 0.322114 0.008927 0.013507
0.276051 0.712163 0.384237 0.144760 0.204774
0.146269 0.671044 0.385136 0.044979 0.071527
0.136455 0.630519 0.262404 0.034569 0.059165
0.141199 0.641163 0.359412 0.014796 0.030094
0.000000 0.000000 0.250000 0.000000 0.000000
0.000000 0.000000 0.250000 0.000000 0.000000
0.000000 0.000000 0.250000 0.000000 0.000000
0.166069 0.604663 0.222545 0.023251 0.054290
0.273948 0.782313 0.104774 0.224632 0.296112
0.018580 0.647831 0.322114 0.008920 0.013507
0.276051 0.712163 0.384237 0.144760 0.204774
0.146269 0.671044 0.385136 0.044979 0.071527
0.136455 0.629894 0.262404 0.034569 0.059165
0.098321 0.611212 0.293990 0.042990 0.075335
0.091063 0.714661 0.224021 0.051781 0.077881
0.244264 0.717204 0.215103 0.126801 0.185950
0.158333 0.655072 0.121374 0.056280 0.086063
0.166966 0.670010 0.135965 0.038122 0.056461
0.158333 0.655072 0.121374 0.056280 0.086063
0.166966 0.670010 0.135965 0.038122 0.056461
0.152174 0.627459 0.230710 0.029445 0.048956
0.158333 0.655072 0.121374 0.056280 0.086063
0.166966 0.670010 0.135965 0.038122 0.056461
0.152174 0.627459 0.230710 0.029445 0.048956
0.209957 0.672215 0.164737 0.056406 0.082619
0.000000 0.000000 0.250000 0.000000 0.000000
0.000000 0.000000 0.250000 0.000000 0.000000
0.000000 0.000000 0.250000 0.000000 0.000000
0.218750 0.713044 0.208584 0.083938 0.107428
0.000000 0.000000 0.250000 0.000000 0.000000
0.000000 0.000000 0.250000 0.000000 0.000000
0.000000 0.000000 0.250000 0.000000 0.000000
0.129032 0.621692 0.175049 0.019153 0.026785
0.247706 0.710584 0.182126 0.056853 0.073677
0.000000 0.000000 0.250000 0.000000 0.000000
0.208874 0.673526 0.164737 0.056406 0.082619
0.000000 0.000000 0.250000 0.000000 0.000000
0.000000 0.000000 0.250000 0.000000 0.000000
0.000000 0.000000 0.250000 0.000000 0.000000
0.144501 0.652514 0.297256 0.035545 0.045894
0.101695 0.693153 0.227839 0.023706 0.028507
0.211282 0.752888 0.249571 0.067484 0.079173
0.164546 0.677638 0.332434 0.088943 0.115459
0.110288 0.630664 0.285673 0.016336 0.021031
0.101288 0.693884 0.227820 0.023427 0.028144
0.211904 0.754288 0.238460 0.067412 0.079173
0.164546 0.677638 0.332434 0.088943 0.115459
0.069690 0.632571 0.290991 0.048562 0.067048
0.241007 0.746925 0.375304 0.155222 0.183390
0.221439 0.680332 0.214644 0.041001 0.059102
0.221178 0.689676 0.241344 0.057628 0.088965
0.185012 0.680273 0.199889 0.044717 0.066625
0.218709 0.648758 0.264827 0.016769 0.024789
0.126899 0.676881 0.384757 0.040975 0.048963
0.130597 0.698651 0.399435 0.057635 0.072926
0.151178 0.713849 0.190445 0.052865 0.086989
0.213270 0.700610 0.184950 0.067511 0.098358
0.183696 0.687722 0.164917 0.039867 0.060590
0.216216 0.687845 0.199381 0.048718 0.068325
0.241007 0.746925 0.375304 0.155222 0.183390
0.221439 0.680332 0.214644 0.041001 0.059102
0.221178 0.689864 0.241344 0.057628 0.088965
0.185480 0.680569 0.199889 0.044717 0.066625
0.218709 0.648758 0.264827 0.016769 0.024789
0.126899 0.676230 0.384757 0.040975 0.048963
0.130597 0.699775 0.399435 0.057635 0.072926
0.150630 0.714429 0.190445 0.052865 0.086989
0.214218 0.700701 0.184950 0.067511 0.098358
0.184065 0.687787 0.164917 0.039867 0.060590
0.215113 0.688065 0.199301 0.049522 0.068730
0.241007 0.746925 0.375304 0.155222 0.183390
0.221439 0.680332 0.214644 0.041001 0.059102
0.221178 0.690120 0.241344 0.057628 0.088965
0.185012 0.680209 0.199889 0.044717 0.066625
0.218709 0.648758 0.264827 0.016769 0.024789
0.126899 0.676162 0.384757 0.040975 0.048963
0.130597 0.699231 0.399435 0.057635 0.072926
0.150995 0.713560 0.190445 0.052865 0.086989
0.214218 0.700833 0.184950 0.067511 0.098358
0.184065 0.687773 0.164917 0.039867 0.060590
0.215113 0.688065 0.199301 0.049522 0.068730
0.241007 0.746925 0.375304 0.155222 0.183390
0.241007 0.746925 0.375304 0.155222 0.183390
0.241007 0.746925 0.375304 0.155222 0.183390
0.150000 0.721032 0.318939 0.060561 0.087512
0.144385 0.726906 0.297969 0.036339 0.046788
0.197333 0.744031 0.326785 0.051392 0.060590
0.117867 0.622829 0.181789 0.021710 0.033322
0.000000 0.000000 0.250000 0.000000 0.000000
0.088398 0.662908 0.163258 0.035452 0.045382
0.000000 0.000000 0.250000 0.000000 0.000000
0.000000 0.000000 0.250000 0.000000 0.000000
0.156307 0.620631 0.193729 0.044690 0.062541
0.130909 0.664498 0.289075 0.061998 0.084371
0.139143 0.650356 0.221341 0.051981 0.076722
0.100433 0.698406 0.331822 0.047472 0.060936
0.000000 0.000000 0.250000 0.000000 0.000000
0.206963 0.694055 0.383583 0.164140 0.199688
0.203518 0.668686 0.076094 0.022898 0.039355
0.000000 0.000000 0.250000 0.000000 0.000000
0.191228 0.690988 0.243926 0.015221 0.023216
0.112299 0.661089 0.278220 0.010339 0.017955
0.121693 0.671952 0.278220 0.010339 0.017955
0.147700 0.671457 0.255889 0.005387 0.009994
0.191638 0.679082 0.078087 0.009817 0.021774
0.018167 0.539590 0.293623 0.001563 0.002350
0.071795 0.595190 0.259254 0.002360 0.003753
0.160256 0.648648 0.218506 0.086269 0.108748
0.161172 0.649386 0.218506 0.086269 0.108748
0.176080 0.689978 0.165283 0.030155 0.043054
0.211009 0.667727 0.193012 0.043933 0.072283
0.136663 0.665508 0.342893 0.037938 0.051274
0.159091 0.663907 0.253563 0.031402 0.044052
0.197977 0.666554 0.222680 0.038836 0.059750
0.148853 0.651863 0.230887 0.017433 0.026179
0.248223 0.712137 0.244652 0.125258 0.172591
0.169745 0.690474 0.224911 0.064693 0.096656
0.137392 0.682141 0.218692 0.048860 0.066681
0.146248 0.705015 0.227588 0.034327 0.042440
0.311346 0.729856 0.165725 0.100195 0.128419
0.220537 0.692940 0.214673 0.116774 0.169254
0.199735 0.652630 0.246183 0.028838 0.046023
0.288030 0.701401 0.287858 0.110902 0.154742
0.197644 0.667802 0.196525 0.138603 0.170251
0.162257 0.670858 0.172925 0.056988 0.075742
0.170051 0.677880 0.299461 0.040462 0.053371
0.105263 0.701399 0.407759 0.063664 0.081946
0.155133 0.663520 0.147373 0.025413 0.035513
0.152475 0.660265 0.198617 0.078643 0.106955
0.137037 0.666526 0.202073 0.034746 0.045508
0.139344 0.664482 0.203589 0.030436 0.039443
0.121951 0.652061 0.327600 0.025870 0.036874
0.159046 0.682009 0.290021 0.039934 0.053990
0.178924 0.641032 0.202511 0.047143 0.063221
0.077179 0.629170 0.263133 0.024921 0.032926
0.097130 0.618832 0.119590 0.008480 0.011369
0.137037 0.666526 0.202073 0.034746 0.045508
0.139344 0.664482 0.203589 0.030436 0.039443
0.121951 0.652061 0.327600 0.025870 0.036874
0.159046 0.682009 0.290021 0.039934 0.053990
0.178924 0.641032 0.202511 0.047143 0.063221
0.077179 0.629592 0.263133 0.024921 0.032926
0.097130 0.618584 0.119590 0.008480 0.011369
0.103448 0.640954 0.405324 0.044979 0.071527
0.122642 0.632946 0.405324 0.044979 0.071527
0.110063 0.654569 0.484940 0.062592 0.078603
0.090625 0.629705 0.467724 0.044979 0.071527
0.207780 0.727014 0.309215 0.142060 0.173128
0.259640 0.693256 0.159763 0.015460 0.022586
0.023791 0.612611 0.316612 0.010298 0.013268
0.121053 0.620501 0.297594 0.039599 0.056594
0.070972 0.603741 0.210730 0.004349 0.006183
0.056410 0.625040 0.349032 0.025445 0.032550
0.134006 0.636070 0.258820 0.050321 0.075194
0.186207 0.712968 0.416193 0.127245 0.165967
0.118639 0.675662 0.230210 0.044397 0.059742
0.483073 0.810445 0.759915 0.553023 0.573875
0.174716 0.709572 0.347256 0.113251 0.147860
0.103189 0.661001 0.349796 0.019098 0.025406
0.127986 0.693297 0.278274 0.068419 0.089471
0.000000 0.000000 0.250000 0.000000 0.000000
0.114267 0.684588 0.191883 0.022059 0.037612
0.099274 0.639943 0.264343 0.015726 0.020150
0.167997 0.702777 0.206699 0.029547 0.040895
0.213922 0.677661 0.303271 0.041004 0.054466
0.154335 0.717292 0.242579 0.038525 0.048083
0.194647 0.719572 0.559381 0.111061 0.133766
0.197183 0.666710 0.174936 0.058323 0.088953
0.121622 0.600159 0.190361 0.002878 0.004374
0.039992 0.618947 0.141390 0.016332 0.023293
0.000000 0.000000 0.250000 0.000000 0.000000
0.183421 0.672204 0.291031 0.058093 0.096810
0.171833 0.663243 0.184022 0.046718 0.063638
0.119238 0.645153 0.118336 0.006705 0.011868
0.144578 0.662665 0.310088 0.015737 0.017149
0.000000 0.000000 0.250000 0.000000 0.000000
0.000000 0.000000 0.250000 0.000000 0.000000
0.195955 0.676813 0.247035 0.068327 0.089133
0.196947 0.693493 0.278940 0.092521 0.128627
0.213049 0.694722 0.246592 0.101548 0.134139
0.015744 0.628096 0.287163 0.003426 0.004255
0.130177 0.651474 0.288933 0.015025 0.019808
0.190909 0.639177 0.216342 0.046915 0.071657
0.115000 0.675217 0.366449 0.051274 0.066291
0.149648 0.667080 0.259519 0.013284 0.019940
0.000000 0.000000 0.250000 0.000000 0.000000
0.115905 0.651960 0.374423 0.056040 0.074859
0.152152 0.661098 0.404285 0.064456 0.085087
0.142473 0.678939 0.361275 0.045359 0.058536
0.125448 0.675214 0.432604 0.060823 0.084829
0.180987 0.693280 0.253525 0.067525 0.092863
0.182333 0.655843 0.244385 0.039573 0.054421
0.183908 0.685829 0.234738 0.058889 0.077333
0.183973 0.666532 0.245945 0.039573 0.054136
0.224516 0.666146 0.344572 0.081806 0.123649
0.222365 0.676506 0.344572 0.081806 0.123649
0.112598 0.690172 0.244940 0.044836 0.065595
0.224415 0.678034 0.159889 0.056364 0.094041
0.195122 0.693859 0.117706 0.026186 0.040429
0.202020 0.695207 0.082011 0.010692 0.014965
0.124434 0.685619 0.087529 0.005331 0.007936
0.169772 0.686789 0.147301 0.010221 0.016448
0.217550 0.674868 0.099129 0.026626 0.045690
0.204102 0.669318 0.089458 0.009002 0.015700
0.234183 0.675821 0.096803 0.044030 0.067870
0.227309 0.676881 0.107631 0.038404 0.060788
0.200472 0.678526 0.117620 0.037177 0.054388
0.246801 0.694716 0.234479 0.066096 0.110396
0.206266 0.715477 0.353619 0.114490 0.140297
0.245926 0.727193 0.174521 0.158374 0.189727
0.218807 0.694034 0.161863 0.089517 0.125341
0.141497 0.645623 0.170920 0.021905 0.031204
0.205479 0.718863 0.222793 0.120709 0.149235
0.115905 0.651807 0.374423 0.056040 0.074859
0.152152 0.661009 0.404285 0.064456 0.085087
0.142473 0.678939 0.361275 0.045359 0.058536
0.125448 0.676260 0.432604 0.060823 0.084829
0.180987 0.693280 0.253525 0.067525 0.092863
0.182333 0.655843 0.244385 0.039573 0.054421
0.183908 0.685829 0.234738 0.058889 0.077333
0.183973 0.666532 0.245945 0.039573 0.054136
0.224516 0.666146 0.344572 0.081806 0.123649
0.222365 0.676506 0.344572 0.081806 0.123649
0.113341 0.691402 0.244940 0.044836 0.065595
0.206266 0.715477 0.353619 0.114490 0.140297
0.115905 0.650484 0.374423 0.056040 0.074859
0.152152 0.660200 0.404285 0.064456 0.085087
0.142473 0.678939 0.361275 0.045359 0.058536
0.125448 0.676134 0.432604 0.060823 0.084829
0.180987 0.693280 0.253525 0.067525 0.092863
0.182333 0.655843 0.244385 0.039573 0.054421
0.183908 0.685829 0.234738 0.058889 0.077333
0.183973 0.666532 0.245945 0.039573 0.054136
0.224516 0.666146 0.344572 0.081806 0.123649
0.222365 0.676506 0.344572 0.081806 0.123649
0.112969 0.691384 0.244940 0.044836 0.065595
0.206266 0.715477 0.353619 0.114490 0.140297
0.115905 0.651021 0.374423 0.056040 0.074859
0.152152 0.662320 0.404285 0.064456 0.085087
0.142473 0.678939 0.361275 0.045359 0.058536
0.125448 0.675984 0.432604 0.060823 0.084829
0.180987 0.693280 0.253525 0.067525 0.092863
0.182333 0.655843 0.244385 0.039573 0.054421
0.183908 0.685829 0.234738 0.058889 0.077333
0.183973 0.666532 0.245945 0.039573 0.054136
0.224516 0.666146 0.344572 0.081806 0.123649
0.222365 0.676506 0.344572 0.081806 0.123649
0.112969 0.690722 0.244940 0.044836 0.065595
0.254360 0.769036 0.143701 0.115059 0.158407
0.277465 0.737612 0.267134 0.121919 0.180809
0.253012 0.710591 0.214701 0.077907 0.123932
0.242500 0.685729 0.252099 0.062221 0.108005
0.242531 0.709909 0.231133 0.058172 0.090722
0.239930 0.712444 0.231133 0.058172 0.090722
0.211921 0.702907 0.235032 0.036820 0.059487
0.212871 0.704216 0.235032 0.036820 0.059487
0.247557 0.720438 0.213980 0.070279 0.112860
0.147826 0.710002 0.163856 0.098952 0.144969
0.206266 0.715477 0.353619 0.114490 0.140297
0.115905 0.651434 0.374423 0.056040 0.074859
0.152152 0.661408 0.404285 0.064456 0.085087
0.142473 0.678939 0.361275 0.045359 0.058536
0.125448 0.675636 0.432604 0.060823 0.084829
0.180987 0.693280 0.253525 0.067525 0.092863
0.182333 0.655843 0.244385 0.039573 0.054421
0.183908 0.685829 0.234738 0.058889 0.077333
0.183973 0.666532 0.245945 0.039573 0.054136
0.224516 0.666146 0.344572 0.081806 0.123649
0.222365 0.676506 0.344572 0.081806 0.123649
0.112969 0.691578 0.244940 0.044836 0.065595
0.206266 0.715477 0.353619 0.114490 0.140297
0.000000 0.000000 0.250000 0.000000 0.000000
0.225806 0.715125 0.297338 0.058440 0.067790
0.190096 0.669857 0.209146 0.007202 0.011397
0.107623 0.662242 0.283998 0.069933 0.091011
0.104956 0.669594 0.490033 0.066808 0.083250
0.101744 0.656204 0.290769 0.042448 0.051809
0.119961 0.649330 0.241411 0.038566 0.054954
0.202268 0.646551 0.276838 0.041894 0.064667
0.080099 0.623764 0.264856 0.002835 0.004278
0.170992 0.693612 0.190387 0.009435 0.013913
0.057751 0.642021 0.295029 0.004760 0.006419
0.151057 0.640763 0.209347 0.024490 0.035175
0.134100 0.625160 0.175783 0.017207 0.022071
0.171388 0.655568 0.263286 0.037899 0.055318
0.175649 0.640324 0.185464 0.036406 0.048553
0.184339 0.651328 0.213514 0.010823 0.016243
0.150350 0.682855 0.347348 0.036830 0.047650
0.050725 0.615592 0.275970 0.005789 0.010939
0.107362 0.628236 0.268843 0.027941 0.044055
0.127576 0.627780 0.280207 0.029429 0.045231
0.179743 0.628325 0.247486 0.019745 0.034018
0.161435 0.645057 0.197594 0.024410 0.036045
0.123326 0.640920 0.240798 0.008029 0.011583
0.072571 0.671167 0.293030 0.044041 0.055434
0.215971 0.679751 0.157768 0.028847 0.041695
0.220615 0.681342 0.157768 0.028847 0.041695
0.172414 0.670423 0.256176 0.032636 0.057885
0.072571 0.671536 0.293030 0.044041 0.055434
0.215971 0.679751 0.157768 0.028847 0.041695
0.220615 0.681342 0.157768 0.028847 0.041695
0.172414 0.670423 0.256176 0.032636 0.057885
0.072571 0.671098 0.293030 0.044041 0.055434
0.215971 0.679751 0.157768 0.028847 0.041695
0.220615 0.681342 0.157768 0.028847 0.041695
0.172414 0.670423 0.256176 0.032636 0.057885
0.262662 0.694264 0.256658 0.104701 0.140252
0.262953 0.689296 0.279129 0.101948 0.148954
0.000000 0.000000 0.250000 0.000000 0.000000
0.059009 0.603390 0.278980 0.006980 0.008964
0.150123 0.613438 0.187021 0.009197 0.015285
0.189893 0.632736 0.281727 0.034863 0.056496
0.261417 0.706508 0.264330 0.192685 0.229546
0.146468 0.687137 0.255205 0.073797 0.100552
0.148291 0.693533 0.255205 0.073797 0.100552
0.195808 0.708836 0.269356 0.109100 0.138633
0.191732 0.715522 0.269356 0.108078 0.138633
0.200974 0.706538 0.251075 0.083158 0.110812
0.171464 0.704207 0.290383 0.088054 0.113283
0.130699 0.685283 0.239211 0.060947 0.080012
0.119241 0.698906 0.386214 0.047111 0.063816
0.087774 0.610372 0.473537 0.053490 0.073665
0.074588 0.679738 0.258021 0.017125 0.029622
0.000000 0.000000 0.250000 0.000000 0.000000
0.000000 0.000000 0.250000 0.000000 0.000000
0.000000 0.000000 0.250000 0.000000 0.000000
0.116531 0.617274 0.279790 0.012493 0.018199
0.119145 0.699989 0.093730 0.037709 0.060864
0.135108 0.765235 0.291425 0.096903 0.122262
0.070228 0.726717 0.281940 0.047598 0.061864
0.172823 0.674337 0.238484 0.048366 0.065488
0.120548 0.689803 0.370058 0.019400 0.025468
0.103976 0.629597 0.473537 0.053490 0.073665
0.130208 0.694112 0.272430 0.017460 0.022562
0.140762 0.666750 0.636360 0.067260 0.096268
0.130564 0.665741 0.636360 0.067260 0.096268
0.316547 0.783830 0.474332 0.235238 0.259346
0.326599 0.781827 0.325401 0.205510 0.235359
0.000000 0.000000 0.250000 0.000000 0.000000
0.000000 0.000000 0.250000 0.000000 0.000000
0.186603 0.678964 0.255670 0.016189 0.026832
0.144501 0.652514 0.297256 0.035545 0.045894
0.100803 0.692780 0.227839 0.023706 0.028507
0.211282 0.753203 0.249571 0.067484 0.079173
0.164546 0.677638 0.332434 0.088943 0.115459
0.109465 0.629170 0.285673 0.016336 0.021031
0.100844 0.692595 0.227820 0.023427 0.028144
0.211904 0.754698 0.238460 0.067412 0.079173
0.164546 0.677638 0.332434 0.088943 0.115459
0.028514 0.678615 0.318036 0.011635 0.017162
0.075447 0.696817 0.180242 0.020868 0.032768
0.100037 0.670973 0.238894 0.055992 0.084294
0.133501 0.671372 0.041781 0.005693 0.009353
0.139276 0.668239 0.078289 0.006365 0.010615
0.043845 0.701838 0.272518 0.016140 0.024270
0.061092 0.696402 0.134372 0.016152 0.025535
0.077388 0.702361 0.213150 0.030982 0.046021
0.203419 0.642103 0.117104 0.011859 0.016757
0.075739 0.720195 0.186801 0.026581 0.038410
0.061754 0.704354 0.295533 0.021621 0.030783
0.156889 0.689388 0.185409 0.076383 0.109534
0.055941 0.695886 0.285132 0.022265 0.029334
0.217202 0.695934 0.242860 0.054930 0.073788
0.000000 0.000000 0.250000 0.000000 0.000000
0.000000 0.000000 0.250000 0.000000 0.000000
0.000000 0.000000 0.250000 0.000000 0.000000
0.212675 0.701818 0.184953 0.057058 0.079704
0.000000 0.000000 0.250000 0.000000 0.000000
0.000000 0.000000 0.250000 0.000000 0.000000
0.029010 0.649009 0.340627 0.025428 0.034880
0.088527 0.635967 0.310218 0.060835 0.080148
0.088339 0.636329 0.306485 0.058997 0.078080
0.143953 0.671009 0.250502 0.100670 0.130322
0.037577 0.624446 0.313631 0.023958 0.030191
0.120141 0.628212 0.213848 0.016603 0.025963
0.064360 0.599548 0.278013 0.006402 0.008259
0.195980 0.640169 0.205097 0.016721 0.021921
0.174834 0.660143 0.235782 0.029598 0.044276
0.029143 0.686103 0.285617 0.019538 0.026349
0.162617 0.651663 0.178154 0.005103 0.007749
0.093368 0.634185 0.185922 0.013723 0.018110
0.191549 0.670429 0.256080 0.015290 0.019701
0.153025 0.621381 0.163364 0.025975 0.044802
0.075328 0.586276 0.118004 0.001598 0.003371
0.112299 0.661957 0.263514 0.032072 0.045787
0.118068 0.707588 0.200130 0.040175 0.060837
0.136645 0.717451 0.185291 0.042828 0.062633
0.229565 0.670120 0.107314 0.038510 0.059057
0.159341 0.662074 0.159523 0.051182 0.073087
0.185983 0.706539 0.152740 0.071929 0.093396
0.154671 0.657098 0.255439 0.026889 0.038911
0.185133 0.706498 0.190100 0.054932 0.085118
0.118844 0.635228 0.286842 0.020691 0.031289
0.169607 0.689349 0.262799 0.016710 0.023055
0.258970 0.696223 0.190809 0.039834 0.058053
0.179907 0.695196 0.297988 0.039836 0.058580
0.224771 0.756391 0.333411 0.150233 0.173960
0.000000 0.000000 0.250000 0.000000 0.000000
0.331276 0.711333 0.210142 0.149577 0.190343
0.103286 0.651826 0.278765 0.049516 0.076318
0.198178 0.695349 0.247118 0.041097 0.065674
0.067949 0.622232 0.183510 0.018830 0.031387
0.199670 0.636808 0.158806 0.019054 0.032861
0.127193 0.631307 0.198767 0.020722 0.032767
0.174479 0.668708 0.094306 0.004999 0.010305
0.228766 0.665832 0.141055 0.023730 0.049630
0.146453 0.703627 0.338866 0.051657 0.075385
0.081218 0.627358 0.211799 0.017669 0.030676
0.135616 0.661823 0.188048 0.012476 0.023182
0.146453 0.703176 0.338866 0.051657 0.075385
0.069503 0.579661 0.170686 0.001841 0.003106
0.123288 0.634907 0.157072 0.011888 0.020090
0.196576 0.686879 0.236505 0.037389 0.059641
0.121280 0.654797 0.216040 0.024920 0.036377
0.244770 0.758181 0.285398 0.157668 0.191393
0.122414 0.617816 0.110892 0.004960 0.007683
0.547929 0.757402 0.333072 0.300973 0.331337
0.282489 0.736224 0.226959 0.102570 0.142010
0.124427 0.614595 0.238885 0.015637 0.027405
0.178082 0.643380 0.280373 0.037761 0.063485
0.184685 0.649614 0.280209 0.037761 0.063485
0.223278 0.706070 0.214751 0.063435 0.086486
0.078621 0.643451 0.374668 0.019747 0.023125
0.255319 0.731670 0.227002 0.112371 0.136644
0.114554 0.631624 0.056330 0.000940 0.001641
0.160484 0.689695 0.185988 0.024468 0.034696
0.257042 0.736348 0.227002 0.112371 0.136644
0.223278 0.706070 0.214751 0.063435 0.086486
0.078083 0.642563 0.374668 0.019747 0.023125
0.255319 0.731670 0.227002 0.112371 0.136644
0.219090 0.720682 0.224442 0.052304 0.069249
0.160484 0.690544 0.185988 0.024468 0.034696
0.257042 0.736348 0.227002 0.112371 0.136644
0.222317 0.741422 0.265127 0.094975 0.123234
0.223278 0.706070 0.214751 0.063435 0.086486
0.079160 0.643715 0.374668 0.019747 0.023125
0.255319 0.731670 0.227002 0.112371 0.136644
0.219411 0.721297 0.224442 0.052304 0.069249
0.161734 0.691326 0.185988 0.024468 0.034696
0.257042 0.736348 0.227002 0.112371 0.136644
0.246618 0.754174 0.275203 0.146254 0.186346
0.224545 0.689811 0.257561 0.152944 0.215012
0.055571 0.676228 0.275826 0.033586 0.047060
0.106986 0.723149 0.352994 0.069551 0.077872
0.053803 0.593219 0.194432 0.001404 0.002190
0.128117 0.649933 0.215587 0.029663 0.042825
0.000000 0.000000 0.250000 0.000000 0.000000
0.196275 0.706168 0.191514 0.043270 0.060406
0.000000 0.000000 0.250000 0.000000 0.000000
0.000000 0.000000 0.250000 0.000000 0.000000
0.000000 0.000000 0.250000 0.000000 0.000000
0.000000 0.000000 0.250000 0.000000 0.000000
0.000000 0.000000 0.250000 0.000000 0.000000
0.000000 0.000000 0.250000 0.000000 0.000000
0.000000 0.000000 0.250000 0.000000 0.000000
0.150898 0.722285 0.138582 0.043075 0.053095
0.167630 0.706857 0.175513 0.061636 0.084736
0.213134 0.664484 0.189048 0.029010 0.038990
0.000000 0.000000 0.250000 0.000000 0.000000
0.000000 0.000000 0.250000 0.000000 0.000000
0.175318 0.671761 0.189141 0.020605 0.031640
0.200393 0.641478 0.180298 0.005882 0.011471
0.000000 0.000000 0.250000 0.000000 0.000000
0.155915 0.687329 0.179758 0.031864 0.047517
0.122252 0.656950 0.172665 0.030958 0.045779
0.153390 0.652776 0.182398 0.032847 0.049083
0.079909 0.642158 0.270432 0.012604 0.015622
0.324601 0.740741 0.173363 0.168598 0.214951
0.311409 0.771880 0.443486 0.229488 0.277517
0.189300 0.690666 0.277061 0.084436 0.133196
0.192982 0.687261 0.215662 0.037989 0.055983
0.080544 0.615969 0.232376 0.008431 0.011437
0.252616 0.724246 0.175626 0.070908 0.110030
0.154394 0.711600 0.191401 0.040187 0.060141
0.130124 0.660897 0.168315 0.027798 0.037394
0.045240 0.623677 0.365483 0.015943 0.020648
0.187500 0.651690 0.243832 0.008010 0.012105
0.166253 0.718470 0.341446 0.109690 0.135099
0.231158 0.738162 0.261911 0.113089 0.148628
0.166253 0.718470 0.341446 0.109690 0.135099
0.229641 0.738601 0.261911 0.113089 0.148628
0.033270 0.601277 0.216194 0.002707 0.003681
0.176960 0.670311 0.177136 0.015318 0.019766
0.136282 0.686080 0.199558 0.049284 0.068308
0.151729 0.736664 0.186268 0.073554 0.102635
0.147009 0.666861 0.361648 0.056121 0.077767
0.189580 0.694829 0.106123 0.016550 0.023463
0.091748 0.617922 0.165862 0.014979 0.021031
0.107708 0.654916 0.182471 0.010237 0.017106
0.273954 0.694618 0.199470 0.168497 0.228511
0.192759 0.653571 0.093249 0.018210 0.026942
0.194521 0.688054 0.202100 0.125933 0.161134
0.240496 0.636725 0.128623 0.021016 0.035300
0.158690 0.639041 0.055461 0.002703 0.004185
0.128964 0.656546 0.207498 0.080733 0.116512
0.179191 0.679015 0.158139 0.018178 0.023916
0.000000 0.000000 0.250000 0.000000 0.000000
0.000000 0.000000 0.250000 0.000000 0.000000
0.000000 0.000000 0.250000 0.000000 0.000000
0.157759 0.627006 0.267180 0.030879 0.041487
0.188095 0.717947 0.333070 0.109489 0.149567
0.143195 0.659660 0.294590 0.059854 0.075290
0.196429 0.689442 0.217741 0.091842 0.131471
0.164207 0.630029 0.217372 0.037930 0.059928
0.130597 0.662818 0.288602 0.047253 0.069895
0.156863 0.717413 0.397436 0.074844 0.103239
0.226714 0.737235 0.235250 0.117716 0.142003
0.064172 0.683861 0.182285 0.024285 0.033322
0.074931 0.691424 0.140015 0.023913 0.031933
0.132760 0.653946 0.235634 0.041426 0.055248
0.140110 0.681925 0.294808 0.013906 0.019818
0.087500 0.614873 0.473537 0.058823 0.073665
0.136232 0.669002 0.378667 0.104664 0.142085
0.103976 0.640601 0.636360 0.073965 0.096268
0.087500 0.614873 0.473537 0.058823 0.073665
0.136232 0.669002 0.378667 0.104664 0.142085
0.081505 0.634787 0.636360 0.073965 0.096268
0.092485 0.644436 0.656233 0.072865 0.109934
0.151005 0.711673 0.167871 0.059473 0.079537
0.228188 0.701790 0.342645 0.062546 0.085839
0.121212 0.658506 0.175841 0.050316 0.068051
0.388005 0.782226 0.248773 0.258006 0.318832
0.000000 0.000000 0.250000 0.000000 0.000000
0.000000 0.000000 0.250000 0.000000 0.000000
0.000000 0.000000 0.250000 0.000000 0.000000
0.000000 0.000000 0.250000 0.000000 0.000000
0.000000 0.000000 0.250000 0.000000 0.000000
0.000000 0.000000 0.250000 0.000000 0.000000
0.000000 0.000000 0.250000 0.000000 0.000000
0.000000 0.000000 0.250000 0.000000 0.000000
0.000000 0.000000 0.250000 0.000000 0.000000
0.216560 0.691050 0.246458 0.067317 0.094501
0.145011 0.720179 0.358912 0.114422 0.138284
0.227227 0.746761 0.320408 0.144766 0.180162
0.186531 0.734374 0.448306 0.127598 0.159857
0.281178 0.792829 0.517576 0.251701 0.297872
0.162413 0.718355 0.387250 0.072229 0.095643
0.145101 0.688931 0.305209 0.063199 0.086698
0.193309 0.718965 0.149111 0.133036 0.180313
0.190871 0.710272 0.205527 0.122376 0.168016
0.163355 0.713242 0.380864 0.116539 0.162643
0.246933 0.708345 0.160942 0.120449 0.161373
0.164474 0.700817 0.388901 0.138307 0.180837
0.222146 0.711894 0.354050 0.169449 0.217194
0.219355 0.699557 0.226685 0.104010 0.141423
0.212515 0.745405 0.365667 0.160923 0.205469
0.000000 0.000000 0.250000 0.000000 0.000000
0.000000 0.000000 0.250000 0.000000 0.000000
0.000000 0.000000 0.250000 0.000000 0.000000
0.180511 0.749900 0.286445 0.098378 0.126716
0.134287 0.660155 0.275633 0.061009 0.087315
0.000000 0.000000 0.250000 0.000000 0.000000
0.184837 0.742384 0.321351 0.094736 0.122590
0.186470 0.723838 0.346831 0.098185 0.122338
0.217870 0.732932 0.364394 0.126415 0.157638
0.229549 0.708863 0.277659 0.088415 0.118978
0.180784 0.737419 0.332554 0.102848 0.143515
0.194926 0.722574 0.298290 0.095565 0.129631
0.193962 0.714880 0.344168 0.132314 0.170431
0.000000 0.000000 0.250000 0.000000 0.000000
0.265799 0.774791 0.317973 0.177013 0.212922
0.193247 0.680978 0.257002 0.058344 0.085837
0.252560 0.734160 0.340557 0.145196 0.187365
0.130416 0.678992 0.361642 0.080848 0.103805
0.000000 0.000000 0.250000 0.000000 0.000000
0.064174 0.642963 0.361593 0.017879 0.025825
0.096333 0.617045 0.188332 0.006893 0.011239
0.176734 0.675699 0.312319 0.012510 0.022088
0.223639 0.679378 0.161272 0.072435 0.108615
0.056244 0.726143 0.268421 0.033237 0.046267
0.167939 0.629813 0.339187 0.006913 0.013726
0.178509 0.679537 0.252300 0.044341 0.065160
0.160550 0.633950 0.318354 0.006913 0.013726
0.169466 0.632080 0.339187 0.006913 0.013726
0.154434 0.641926 0.339187 0.006913 0.013726
0.106309 0.616838 0.168120 0.036578 0.057073
0.139241 0.648547 0.225223 0.009535 0.018750
0.160550 0.633950 0.318354 0.006913 0.013726
0.185693 0.677004 0.093399 0.015848 0.026572
0.152074 0.727849 0.654814 0.085105 0.117976
0.083981 0.650464 0.228283 0.002337 0.004540
0.176591 0.736081 0.418945 0.059506 0.084242
0.215441 0.655720 0.385071 0.018387 0.031516
0.097964 0.721310 0.117640 0.038044 0.054569
0.138593 0.721475 0.151508 0.041590 0.061149
0.108108 0.619395 0.205918 0.005402 0.008103
0.214919 0.653980 0.385071 0.018387 0.031516
0.097832 0.720308 0.117640 0.038044 0.054569
0.138593 0.721776 0.151508 0.041590 0.061149
0.108108 0.619395 0.205918 0.005402 0.008103
0.100226 0.676708 0.247288 0.022937 0.035147
0.093567 0.608141 0.154207 0.004386 0.006140
0.235909 0.766444 0.206920 0.116579 0.143535
0.263955 0.715985 0.166383 0.074469 0.100765
0.175529 0.661598 0.162641 0.040492 0.057835
0.214919 0.654214 0.385071 0.018387 0.031516
0.098096 0.720977 0.117640 0.038044 0.054569
0.138355 0.720176 0.151508 0.041590 0.061149
0.108108 0.619395 0.205918 0.005402 0.008103
0.100021 0.676861 0.247288 0.022937 0.035147
0.093567 0.608141 0.154207 0.004386 0.006140
0.236596 0.766376 0.206925 0.116579 0.143535
0.263955 0.715985 0.166383 0.074469 0.100765
0.174888 0.661577 0.162641 0.040492 0.057835
0.213354 0.658886 0.385071 0.018387 0.031516
0.097964 0.719671 0.117640 0.038044 0.054569
0.138673 0.721484 0.151508 0.041590 0.061149
0.108108 0.619395 0.205918 0.005402 0.008103
0.100021 0.679887 0.247288 0.022937 0.035147
0.093567 0.608141 0.154207 0.004386 0.006140
0.236261 0.767429 0.212815 0.116579 0.143535
0.263955 0.715985 0.166383 0.074469 0.100765
0.174888 0.661685 0.162641 0.040492 0.057835
0.000000 0.000000 0.250000 0.000000 0.000000
0.123919 0.619779 0.257775 0.024628 0.036723
0.000000 0.000000 0.250000 0.000000 0.000000
0.130460 0.628142 0.216735 0.019021 0.026889
0.158177 0.707156 0.350433 0.023242 0.029433
0.067388 0.703449 0.217027 0.034119 0.045886
0.144845 0.673340 0.204503 0.047671 0.065179
0.079137 0.645530 0.198075 0.006282 0.013919
0.142457 0.686515 0.061553 0.022864 0.023295
0.134561 0.728815 0.173699 0.054531 0.066462
0.205761 0.635366 0.176224 0.013906 0.022088
0.240329 0.678710 0.137360 0.070511 0.098403
0.240329 0.678710 0.137360 0.070511 0.098403
0.121622 0.600159 0.190361 0.002878 0.004374
0.039992 0.618186 0.141390 0.016332 0.023293
0.000000 0.000000 0.250000 0.000000 0.000000
0.183862 0.670592 0.291031 0.058093 0.096810
0.215326 0.671392 0.275822 0.083340 0.113611
0.258984 0.666474 0.079296 0.046724 0.075387
0.170699 0.700655 0.177737 0.073385 0.104208
0.139276 0.693889 0.394531 0.066416 0.094365
0.125698 0.691049 0.394531 0.066416 0.094365
0.144501 0.652514 0.297256 0.035545 0.045894
0.101249 0.693090 0.227839 0.023706 0.028507
0.211282 0.752801 0.249571 0.067484 0.079173
0.164546 0.677638 0.332434 0.088943 0.115459
0.109465 0.629096 0.285673 0.016336 0.021031
0.101288 0.692626 0.227820 0.023427 0.028144
0.211904 0.754332 0.238460 0.067412 0.079173
0.164546 0.677638 0.332434 0.088943 0.115459
0.220000 0.678316 0.196665 0.057098 0.079290
0.160508 0.643336 0.314384 0.120612 0.157162
0.218221 0.644756 0.158172 0.027340 0.037915
0.000000 0.000000 0.250000 0.000000 0.000000
0.094995 0.625546 0.162014 0.006578 0.011213
0.000000 0.000000 0.250000 0.000000 0.000000
0.157790 0.618235 0.218841 0.005022 0.011197
0.000000 0.000000 0.250000 0.000000 0.000000
0.118988 0.664477 0.326059 0.049617 0.066514
0.000000 0.000000 0.250000 0.000000 0.000000
0.000000 0.000000 0.250000 0.000000 0.000000
0.123571 0.657435 0.177638 0.030616 0.045310
0.153390 0.653108 0.182398 0.032847 0.049083
0.079909 0.643607 0.306672 0.012238 0.015085
0.000000 0.000000 0.250000 0.000000 0.000000
0.316758 0.740047 0.228777 0.165854 0.212163
0.311409 0.771880 0.443486 0.229488 0.277517
0.192675 0.694598 0.284444 0.092021 0.128283
0.148064 0.669781 0.225129 0.040178 0.051290
0.198381 0.689176 0.230681 0.036113 0.054091
0.073222 0.618895 0.225828 0.008431 0.011250
0.214286 0.715299 0.278125 0.087458 0.127481
0.154610 0.711416 0.191314 0.040187 0.060069
0.125672 0.655389 0.165179 0.010787 0.014555
0.045240 0.623554 0.365483 0.015943 0.020648
0.000000 0.000000 0.250000 0.000000 0.000000
0.123131 0.656701 0.177638 0.030616 0.045310
0.153390 0.654273 0.182398 0.032847 0.049083
0.079909 0.643682 0.306672 0.012238 0.015085
0.000000 0.000000 0.250000 0.000000 0.000000
0.316758 0.740047 0.228777 0.165854 0.212163
0.311409 0.771880 0.443486 0.229488 0.277517
0.192675 0.694598 0.284444 0.092021 0.128283
0.148064 0.669781 0.225129 0.040178 0.051290
0.198381 0.689176 0.230681 0.036113 0.054091
0.073222 0.619111 0.225828 0.008431 0.011250
0.214286 0.715299 0.278125 0.087458 0.127481
0.154826 0.712074 0.191314 0.040187 0.060069
0.124088 0.654361 0.170979 0.011307 0.015241
0.045240 0.621941 0.365483 0.015943 0.020648
0.000000 0.000000 0.250000 0.000000 0.000000
0.123131 0.656193 0.177638 0.030616 0.045310
0.154049 0.652827 0.182398 0.032847 0.049083
0.079909 0.643834 0.306672 0.012238 0.015085
0.000000 0.000000 0.250000 0.000000 0.000000
0.316758 0.740047 0.228777 0.165854 0.212163
0.311409 0.771880 0.443486 0.229488 0.277517
0.192675 0.694598 0.284444 0.092021 0.128283
0.148064 0.669781 0.225129 0.040178 0.051290
0.198381 0.689254 0.230681 0.036113 0.054091
0.073222 0.618478 0.225828 0.008431 0.011250
0.214286 0.715299 0.278125 0.087458 0.127481
0.154826 0.712968 0.191314 0.040187 0.060069
0.126344 0.654988 0.165179 0.010787 0.014555
0.045240 0.623168 0.365483 0.015943 0.020648
0.000000 0.000000 0.250000 0.000000 0.000000
0.123131 0.657227 0.177638 0.030616 0.045310
0.153390 0.653101 0.182398 0.032847 0.049083
0.079909 0.643842 0.306672 0.012238 0.015085
0.000000 0.000000 0.250000 0.000000 0.000000
0.316758 0.740047 0.228777 0.165854 0.212163
0.311409 0.771880 0.443486 0.229488 0.277517
0.192675 0.694598 0.284444 0.092021 0.128283
0.148064 0.669781 0.225129 0.040178 0.051290
0.198381 0.689176 0.230681 0.036113 0.054091
0.073222 0.618321 0.225828 0.008431 0.011250
0.214286 0.715299 0.278125 0.087458 0.127481
0.154610 0.712583 0.191314 0.040187 0.060069
0.124088 0.654524 0.170979 0.011307 0.015241
0.045240 0.623699 0.365483 0.015943 0.020648
0.190773 0.683364 0.095698 0.043395 0.061754
0.190773 0.683788 0.095698 0.043395 0.061754
0.000000 0.000000 0.250000 0.000000 0.000000
0.255046 0.712583 0.348210 0.153040 0.198775
0.364250 0.765529 0.363553 0.214781 0.265614
0.194832 0.673348 0.226949 0.058557 0.085790
0.177384 0.651090 0.186661 0.066786 0.093604
0.246175 0.684612 0.266778 0.074087 0.109992
0.136041 0.665363 0.180599 0.042991 0.060506
0.183983 0.704118 0.284380 0.127242 0.167834
0.297189 0.730349 0.376751 0.217050 0.264239
0.368035 0.773878 0.331780 0.284874 0.335153
0.260909 0.667135 0.248607 0.055689 0.085571
0.240553 0.691261 0.174239 0.075447 0.108847
0.207442 0.691194 0.222513 0.070704 0.102631
0.266667 0.685504 0.123492 0.012546 0.017378
0.190523 0.667073 0.242944 0.109020 0.144156
0.191379 0.694687 0.361530 0.107278 0.115958
0.208861 0.683721 0.275755 0.093676 0.115999
0.121145 0.724850 0.239033 0.075294 0.139054
0.161085 0.680032 0.252301 0.060997 0.084385
0.092935 0.637173 0.186812 0.017927 0.024673
0.151188 0.673336 0.373546 0.066455 0.089593
0.295031 0.683809 0.274196 0.150142 0.184343
0.152360 0.684722 0.373546 0.066455 0.089593
0.255869 0.675477 0.361421 0.119023 0.148346
0.261364 0.682644 0.272459 0.097707 0.125408
0.137931 0.672206 0.397383 0.069860 0.096946
0.218391 0.727090 0.372179 0.146911 0.180910
0.173913 0.671613 0.289015 0.098999 0.112747
0.039550 0.617821 0.312534 0.030526 0.041811
0.037447 0.615007 0.329183 0.027499 0.038263
0.255046 0.712583 0.348210 0.153040 0.198775
0.364250 0.765529 0.363553 0.214781 0.265614
0.193087 0.672728 0.226949 0.058557 0.085790
0.178123 0.650620 0.186661 0.066786 0.093604
0.246175 0.684612 0.266778 0.074087 0.109992
0.137331 0.665096 0.180599 0.042991 0.060506
0.183983 0.704118 0.284380 0.127242 0.167834
0.297189 0.730349 0.376751 0.217050 0.264239
0.368035 0.773878 0.331780 0.284874 0.335153
0.100629 0.627239 0.434121 0.053490 0.073665
0.100629 0.631449 0.434121 0.058823 0.073665
0.090257 0.672762 0.192049 0.034643 0.044344
0.069405 0.656087 0.392069 0.045913 0.062296
0.166667 0.686847 0.259528 0.011356 0.018887
0.000000 0.000000 0.250000 0.000000 0.000000
0.135135 0.714575 0.484940 0.066835 0.078603
0.094839 0.648443 0.276384 0.020153 0.033452
0.048348 0.702154 0.464228 0.043599 0.057555
0.245818 0.720494 0.309318 0.154931 0.189925
0.248315 0.675674 0.228057 0.030581 0.047294
0.160524 0.630067 0.249242 0.044439 0.061454
0.262295 0.711651 0.282529 0.077876 0.115454
0.237398 0.688953 0.200680 0.075397 0.098412
0.186654 0.661594 0.206856 0.060708 0.077920
0.207929 0.674541 0.174366 0.086544 0.105326
0.239193 0.725297 0.174670 0.033631 0.051309
0.188433 0.706425 0.359790 0.047301 0.072331
0.194444 0.705869 0.359790 0.047301 0.072331
0.194444 0.705518 0.359790 0.047301 0.072331
0.194444 0.707671 0.359790 0.047301 0.072331
0.184211 0.698637 0.359790 0.047301 0.072331
0.192237 0.711814 0.359790 0.050637 0.072331
0.196330 0.710693 0.359790 0.050637 0.072331
0.196330 0.709704 0.359790 0.050637 0.072331
0.196330 0.713268 0.359790 0.050637 0.072331
0.189944 0.705038 0.359790 0.050637 0.072331
0.191275 0.706699 0.280303 0.050637 0.074371
0.206759 0.683718 0.212191 0.011341 0.019127
0.171315 0.702160 0.236105 0.005668 0.007965
0.193078 0.702337 0.280303 0.050637 0.074371
0.166333 0.693208 0.236105 0.005668 0.007965
0.191606 0.704125 0.280303 0.050637 0.074371
0.162651 0.691652 0.236105 0.005668 0.007965
0.185662 0.703870 0.280303 0.050637 0.074371
0.159274 0.692745 0.236105 0.005668 0.007965
0.180451 0.697311 0.359790 0.050637 0.072331
0.174129 0.671777 0.215300 0.005563 0.007144
0.150515 0.676600 0.236105 0.005668 0.007965
0.158436 0.682251 0.236105 0.005668 0.007965
0.150206 0.682173 0.236105 0.005668 0.007965
0.184702 0.703231 0.359790 0.050637 0.072331
0.224774 0.674730 0.196183 0.062705 0.095859
0.165333 0.708527 0.297491 0.010979 0.023394
0.126126 0.663860 0.433567 0.072351 0.099293
0.092512 0.723033 0.261392 0.055893 0.081465
0.224774 0.673897 0.196183 0.062705 0.095859
0.165333 0.708527 0.297491 0.010979 0.023394
0.126126 0.663860 0.433567 0.072351 0.099293
0.092701 0.724299 0.261392 0.055893 0.081465
0.224774 0.673214 0.196183 0.062705 0.095859
0.165333 0.708527 0.297491 0.010979 0.023394
0.126126 0.663860 0.433567 0.072351 0.099293
0.092512 0.722897 0.261392 0.055893 0.081465
0.224774 0.673575 0.196183 0.062705 0.095859
0.165333 0.708527 0.297491 0.010979 0.023394
0.126126 0.663860 0.433567 0.072351 0.099293
0.092607 0.722861 0.261392 0.055893 0.081465
0.102163 0.613233 0.418905 0.050421 0.065461
0.154452 0.649138 0.284238 0.051483 0.080554
0.224774 0.674306 0.196183 0.062705 0.095859
0.165333 0.708527 0.297491 0.010979 0.023394
0.126126 0.663860 0.433567 0.072351 0.099293
0.092701 0.724103 0.261392 0.055893 0.081465
0.224774 0.674154 0.196183 0.062705 0.095859
0.165333 0.708527 0.297491 0.010979 0.023394
0.126126 0.663860 0.433567 0.072351 0.099293
0.092607 0.722696 0.261392 0.055893 0.081465
0.224774 0.673615 0.196183 0.062705 0.095859
0.165333 0.708527 0.297491 0.010979 0.023394
0.126126 0.663860 0.433567 0.072351 0.099293
0.092796 0.723453 0.261392 0.055893 0.081465
0.224774 0.673788 0.196183 0.062705 0.095859
0.165333 0.708527 0.297491 0.010979 0.023394
0.126126 0.663860 0.433567 0.072351 0.099293
0.092701 0.724245 0.261392 0.055893 0.081465
0.132667 0.672312 0.228527 0.038382 0.061323
0.224774 0.674224 0.196183 0.062705 0.095859
0.165333 0.708527 0.297491 0.010979 0.023394
0.126126 0.663860 0.433567 0.072351 0.099293
0.092701 0.723235 0.261392 0.055893 0.081465
0.132956 0.670953 0.230445 0.038382 0.061666
0.224774 0.673630 0.196183 0.062705 0.095859
0.165333 0.708527 0.297491 0.010979 0.023394
0.126126 0.663860 0.433567 0.072351 0.099293
0.092512 0.721370 0.261392 0.055893 0.081465
0.224774 0.673600 0.196183 0.062705 0.095859
0.165333 0.708527 0.297491 0.010979 0.023394
0.126126 0.663860 0.433567 0.072351 0.099293
0.092986 0.723874 0.261392 0.055893 0.081465
0.224774 0.674400 0.196183 0.062705 0.095859
0.165333 0.708527 0.297491 0.010979 0.023394
0.126126 0.663860 0.433567 0.072351 0.099293
0.092891 0.723188 0.261392 0.055893 0.081465
0.224774 0.674112 0.196183 0.062705 0.095859
0.165333 0.708527 0.297491 0.010979 0.023394
0.126126 0.663860 0.433567 0.072351 0.099293
0.092512 0.724548 0.261392 0.055893 0.081465
0.132956 0.670995 0.230445 0.038382 0.061666
0.145422 0.719968 0.202425 0.081653 0.106917
0.188216 0.731399 0.283637 0.107932 0.136454
0.124595 0.727306 0.333702 0.096381 0.117427
0.000000 0.000000 0.250000 0.000000 0.000000
0.085815 0.757429 0.240137 0.052710 0.062740
0.128961 0.646015 0.164414 0.030062 0.039591
0.104111 0.705565 0.260545 0.057484 0.069854
0.202875 0.632147 0.131533 0.007319 0.012425
0.000000 0.000000 0.250000 0.000000 0.000000
0.200475 0.778834 0.201841 0.135850 0.162201
0.242330 0.771588 0.196157 0.177857 0.210049
0.188055 0.764103 0.357835 0.147474 0.173027
0.225489 0.797377 0.281343 0.175979 0.203644
0.149117 0.635690 0.230623 0.042600 0.058596
0.143155 0.707773 0.187701 0.063772 0.085577
0.183686 0.764544 0.272415 0.141912 0.169406
0.213362 0.788597 0.284667 0.167621 0.194031
0.145817 0.720237 0.202425 0.081653 0.106917
0.187858 0.731037 0.283637 0.107932 0.136454
0.124194 0.725659 0.333702 0.096381 0.117427
0.149117 0.635024 0.230623 0.042600 0.058596
0.143155 0.704812 0.187701 0.063772 0.085577
0.183932 0.764847 0.272415 0.141912 0.169406
0.218994 0.788061 0.282967 0.166526 0.192796
0.000000 0.000000 0.250000 0.000000 0.000000
0.087181 0.757481 0.240162 0.052853 0.062872
0.128224 0.644686 0.164414 0.030062 0.039591
0.103441 0.705367 0.260545 0.057484 0.069854
0.000000 0.000000 0.250000 0.000000 0.000000
0.000000 0.000000 0.250000 0.000000 0.000000
0.000000 0.000000 0.250000 0.000000 0.000000
0.202875 0.632170 0.131533 0.007319 0.012425
0.000000 0.000000 0.250000 0.000000 0.000000
0.203564 0.779007 0.204420 0.137738 0.164461
0.244826 0.770737 0.197378 0.179012 0.211401
0.188534 0.764260 0.357835 0.147474 0.173027
0.227086 0.800955 0.282324 0.176673 0.204425
0.208582 0.730537 0.356350 0.147212 0.188265
0.180101 0.668543 0.264284 0.043090 0.065886
0.000000 0.000000 0.250000 0.000000 0.000000
0.250474 0.690815 0.200376 0.076136 0.119378
0.147923 0.743818 0.204065 0.051329 0.064678
0.000000 0.000000 0.250000 0.000000 0.000000
0.000000 0.000000 0.250000 0.000000 0.000000
0.000000 0.000000 0.250000 0.000000 0.000000
0.000000 0.000000 0.250000 0.000000 0.000000
0.041642 0.703253 0.249954 0.014651 0.022242
0.000000 0.000000 0.250000 0.000000 0.000000
0.000000 0.000000 0.250000 0.000000 0.000000
0.000000 0.000000 0.250000 0.000000 0.000000
0.074803 0.624118 0.180738 0.006642 0.011337
0.385991 0.734473 0.105867 0.123264 0.169206
0.239001 0.647877 0.186061 0.032911 0.048698
0.144186 0.648688 0.312219 0.042544 0.061233
0.178841 0.667724 0.264284 0.043090 0.065886
0.000000 0.000000 0.250000 0.000000 0.000000
0.250474 0.690815 0.200376 0.076136 0.119378
0.147923 0.743914 0.204065 0.051329 0.064678
0.000000 0.000000 0.250000 0.000000 0.000000
0.000000 0.000000 0.250000 0.000000 0.000000
0.000000 0.000000 0.250000 0.000000 0.000000
0.000000 0.000000 0.250000 0.000000 0.000000
0.041576 0.702954 0.249954 0.014651 0.022242
0.000000 0.000000 0.250000 0.000000 0.000000
0.000000 0.000000 0.250000 0.000000 0.000000
0.000000 0.000000 0.250000 0.000000 0.000000
0.074074 0.625185 0.174479 0.006669 0.011328
0.385991 0.734473 0.105867 0.123264 0.169206
0.239001 0.647877 0.186061 0.032911 0.048698
0.144186 0.649082 0.312219 0.042544 0.061233
0.178841 0.668045 0.264284 0.043090 0.065886
0.000000 0.000000 0.250000 0.000000 0.000000
0.250474 0.690815 0.200376 0.076136 0.119378
0.147923 0.744359 0.204065 0.051329 0.064678
0.000000 0.000000 0.250000 0.000000 0.000000
0.000000 0.000000 0.250000 0.000000 0.000000
0.000000 0.000000 0.250000 0.000000 0.000000
0.000000 0.000000 0.250000 0.000000 0.000000
0.041509 0.703496 0.249954 0.014651 0.022242
0.000000 0.000000 0.250000 0.000000 0.000000
0.000000 0.000000 0.250000 0.000000 0.000000
0.000000 0.000000 0.250000 0.000000 0.000000
0.075409 0.623036 0.180738 0.006642 0.011337
0.385893 0.734353 0.105867 0.123264 0.169206
0.239001 0.647877 0.186061 0.032911 0.048698
0.143023 0.648424 0.312219 0.042544 0.061233
0.180023 0.798755 0.398005 0.150986 0.166343
0.000000 0.000000 0.250000 0.000000 0.000000
0.055100 0.594806 0.255718 0.005144 0.006937
0.000000 0.000000 0.250000 0.000000 0.000000
0.000000 0.000000 0.250000 0.000000 0.000000
0.000000 0.000000 0.250000 0.000000 0.000000
0.000000 0.000000 0.250000 0.000000 0.000000
0.000000 0.000000 0.250000 0.000000 0.000000
0.198788 0.662089 0.185220 0.015717 0.022532
0.000000 0.000000 0.250000 0.000000 0.000000
0.015750 0.566860 0.340737 0.004462 0.006399
0.014296 0.562972 0.328152 0.004462 0.006399
0.132584 0.677406 0.208247 0.048739 0.070267
0.143646 0.724986 0.203296 0.076950 0.101372
0.036894 0.605034 0.167825 0.006386 0.009395
0.036894 0.604711 0.167825 0.006386 0.009395
0.036894 0.603900 0.167825 0.006386 0.009395
0.000000 0.000000 0.250000 0.000000 0.000000
0.000000 0.000000 0.250000 0.000000 0.000000
0.000000 0.000000 0.250000 0.000000 0.000000
0.000000 0.000000 0.250000 0.000000 0.000000
0.155959 0.769151 0.312841 0.101392 0.114064
0.157303 0.784384 0.386969 0.140199 0.166688
0.145833 0.634046 0.173345 0.044942 0.059324
0.134115 0.622380 0.122848 0.027685 0.047231
0.000000 0.000000 0.250000 0.000000 0.000000
0.000000 0.000000 0.250000 0.000000 0.000000
0.178628 0.694865 0.335751 0.099667 0.125413
0.178771 0.694775 0.335751 0.099667 0.125413
0.000000 0.000000 0.250000 0.000000 0.000000
0.000000 0.000000 0.250000 0.000000 0.000000
0.000000 0.000000 0.250000 0.000000 0.000000
0.094570 0.719353 0.235013 0.039273 0.054880
0.000000 0.000000 0.250000 0.000000 0.000000
0.056641 0.728648 0.340545 0.047095 0.061342
0.000000 0.000000 0.250000 0.000000 0.000000
0.000000 0.000000 0.250000 0.000000 0.000000
0.000000 0.000000 0.250000 0.000000 0.000000
0.000000 0.000000 0.250000 0.000000 0.000000
0.000000 0.000000 0.250000 0.000000 0.000000
0.141392 0.623951 0.167685 0.013735 0.024440
0.143885 0.746372 0.231496 0.088789 0.103937
0.234626 0.743917 0.193809 0.165863 0.206713
0.171869 0.717568 0.267402 0.095410 0.128955
0.000000 0.000000 0.250000 0.000000 0.000000
0.000000 0.000000 0.250000 0.000000 0.000000
0.145604 0.741385 0.368243 0.074841 0.092770
0.000000 0.000000 0.250000 0.000000 0.000000
0.000000 0.000000 0.250000 0.000000 0.000000
0.000000 0.000000 0.250000 0.000000 0.000000
0.000000 0.000000 0.250000 0.000000 0.000000
0.000000 0.000000 0.250000 0.000000 0.000000
0.000000 0.000000 0.250000 0.000000 0.000000
0.000000 0.000000 0.250000 0.000000 0.000000
0.000000 0.000000 0.250000 0.000000 0.000000
0.181159 0.692900 0.177274 0.048405 0.068723
0.095503 0.654429 0.237950 0.044257 0.060112
0.176944 0.691563 0.295245 0.042644 0.066343
0.046183 0.605999 0.255483 0.008768 0.013842
0.045137 0.589418 0.288729 0.008294 0.013340
0.111973 0.664941 0.178319 0.033756 0.045254
0.108761 0.681916 0.435009 0.044979 0.071527
0.105485 0.628152 0.269643 0.018653 0.035353
0.108676 0.613826 0.247583 0.022352 0.043312
0.132432 0.661898 0.260431 0.023920 0.034759
0.138462 0.657503 0.281145 0.022019 0.033070
0.066880 0.617810 0.219601 0.014999 0.021814
0.122340 0.665209 0.210089 0.033936 0.053256
0.253353 0.691265 0.207392 0.037653 0.054359
0.207904 0.664050 0.295390 0.037381 0.053882
0.232053 0.702218 0.245163 0.047025 0.061944
0.227621 0.703210 0.356616 0.089059 0.126165
0.178261 0.712001 0.264004 0.055786 0.079119
0.171908 0.706622 0.320077 0.070975 0.092713
0.153436 0.732920 0.351755 0.057450 0.077367
0.235893 0.696702 0.318547 0.067827 0.094905
0.212682 0.668599 0.290787 0.046184 0.070861
0.088805 0.613585 0.307277 0.019026 0.028410
0.225724 0.721671 0.320635 0.181974 0.232034
0.000000 0.000000 0.250000 0.000000 0.000000
0.000000 0.000000 0.250000 0.000000 0.000000
0.000000 0.000000 0.250000 0.000000 0.000000
0.000000 0.000000 0.250000 0.000000 0.000000
0.147756 0.725389 0.229166 0.061391 0.081599
0.000000 0.000000 0.250000 0.000000 0.000000
0.000000 0.000000 0.250000 0.000000 0.000000
0.000000 0.000000 0.250000 0.000000 0.000000
0.000000 0.000000 0.250000 0.000000 0.000000
0.000000 0.000000 0.250000 0.000000 0.000000
0.000000 0.000000 0.250000 0.000000 0.000000
0.000000 0.000000 0.250000 0.000000 0.000000
0.235131 0.691490 0.272094 0.034554 0.056551
0.000000 0.000000 0.250000 0.000000 0.000000
0.000000 0.000000 0.250000 0.000000 0.000000
0.000000 0.000000 0.250000 0.000000 0.000000
0.000000 0.000000 0.250000 0.000000 0.000000
0.000000 0.000000 0.250000 0.000000 0.000000
0.000000 0.000000 0.250000 0.000000 0.000000
0.000000 0.000000 0.250000 0.000000 0.000000
0.000000 0.000000 0.250000 0.000000 0.000000
0.000000 0.000000 0.250000 0.000000 0.000000
0.000000 0.000000 0.250000 0.000000 0.000000
0.000000 0.000000 0.250000 0.000000 0.000000
0.000000 0.000000 0.250000 0.000000 0.000000
0.000000 0.000000 0.250000 0.000000 0.000000
0.000000 0.000000 0.250000 0.000000 0.000000
0.000000 0.000000 0.250000 0.000000 0.000000
0.000000 0.000000 0.250000 0.000000 0.000000
0.000000 0.000000 0.250000 0.000000 0.000000
0.000000 0.000000 0.250000 0.000000 0.000000
0.000000 0.000000 0.250000 0.000000 0.000000
0.239382 0.714849 0.203177 0.012466 0.025274
0.156566 0.624527 0.121162 0.007109 0.012218
0.185464 0.688827 0.259046 0.014200 0.018912
0.233067 0.704719 0.176231 0.045073 0.071314
0.192807 0.703667 0.170615 0.027655 0.044314
0.000000 0.000000 0.250000 0.000000 0.000000
0.147756 0.725290 0.229166 0.061391 0.081599
0.116114 0.653911 0.264596 0.008710 0.015392
0.160232 0.700572 0.281991 0.009011 0.017730
0.116114 0.653911 0.264596 0.008710 0.015392
0.160232 0.700572 0.281991 0.009011 0.017730
0.093574 0.678478 0.269066 0.032644 0.043718
0.144501 0.652514 0.297256 0.035545 0.045894
0.100803 0.695099 0.227839 0.023706 0.028507
0.211795 0.753183 0.249571 0.067484 0.079173
0.164546 0.677638 0.332434 0.088943 0.115459
0.109465 0.630236 0.285673 0.016336 0.021031
0.101733 0.693075 0.227820 0.023427 0.028144
0.211904 0.754338 0.238460 0.067412 0.079173
0.164546 0.677638 0.332434 0.088943 0.115459
0.022899 0.640198 0.364376 0.014748 0.021202
0.101332 0.732324 0.288473 0.081760 0.105336
0.180073 0.728980 0.279620 0.110323 0.144398
0.140703 0.680538 0.223822 0.050457 0.073328
0.000000 0.000000 0.250000 0.000000 0.000000
0.000000 0.000000 0.250000 0.000000 0.000000
0.163735 0.648704 0.253477 0.039536 0.056769
0.217753 0.644598 0.185777 0.015320 0.023375
0.144501 0.652514 0.297256 0.035545 0.045894
0.100803 0.692381 0.227839 0.023706 0.028507
0.211282 0.753213 0.249571 0.067484 0.079173
0.164546 0.677638 0.332434 0.088943 0.115459
0.109465 0.629026 0.285673 0.016336 0.021031
0.101733 0.693563 0.227820 0.023427 0.028144
0.211904 0.754783 0.238460 0.067412 0.079173
0.164546 0.677638 0.332434 0.088943 0.115459
0.000000 0.000000 0.250000 0.000000 0.000000
0.000000 0.000000 0.250000 0.000000 0.000000
0.123804 0.727357 0.194214 0.053540 0.076948
0.201005 0.656651 0.276319 0.050456 0.074637
0.000000 0.000000 0.250000 0.000000 0.000000
0.157333 0.629121 0.180563 0.010484 0.015159
0.000000 0.000000 0.250000 0.000000 0.000000
0.138947 0.677383 0.252126 0.065758 0.089368
0.103664 0.625750 0.225749 0.018999 0.028112
0.128904 0.670331 0.217868 0.063144 0.077585
0.000000 0.000000 0.250000 0.000000 0.000000
0.379118 0.824337 0.107042 0.432778 0.431262
0.188442 0.709149 0.351178 0.062145 0.074426
0.000000 0.000000 0.250000 0.000000 0.000000
0.127976 0.644346 0.284870 0.016539 0.023313
0.183024 0.666039 0.256026 0.005562 0.009781
0.221328 0.703858 0.287695 0.031405 0.045631
0.166667 0.677176 0.417243 0.053490 0.073665
0.250000 0.698870 0.258144 0.032203 0.050913
0.041741 0.663215 0.256819 0.016922 0.025807
0.127976 0.644346 0.284870 0.016539 0.023313
0.183024 0.666039 0.256026 0.005562 0.009781
0.221328 0.703858 0.287695 0.031405 0.045631
0.166667 0.677176 0.417243 0.053490 0.073665
0.250000 0.698870 0.258144 0.032203 0.050913
0.000000 0.000000 0.250000 0.000000 0.000000
0.125257 0.687131 0.293211 0.012684 0.017454
0.144501 0.652514 0.297256 0.035545 0.045894
0.100803 0.693889 0.227839 0.023706 0.028507
0.211282 0.753069 0.249571 0.067484 0.079173
0.164546 0.677638 0.332434 0.088943 0.115459
0.109465 0.630395 0.285673 0.016336 0.021031
0.101288 0.693561 0.227820 0.023427 0.028144
0.211904 0.754689 0.238460 0.067412 0.079173
0.164546 0.677638 0.332434 0.088943 0.115459
0.174419 0.649384 0.198813 0.014161 0.025608
0.132308 0.663543 0.286593 0.057008 0.075058
0.128704 0.632583 0.268153 0.054538 0.073032
0.138272 0.628003 0.239541 0.034285 0.044651
0.117940 0.682321 0.128775 0.062836 0.085967
0.205240 0.712610 0.322298 0.079454 0.104485
0.169231 0.683748 0.287899 0.020947 0.043195
0.168539 0.672097 0.172426 0.037074 0.052604
0.184704 0.677347 0.261576 0.104732 0.138913
0.223636 0.677476 0.235479 0.033524 0.062661
0.114525 0.671783 0.348635 0.011700 0.017775
0.209830 0.667818 0.145302 0.009737 0.014578
0.209830 0.667590 0.145302 0.009737 0.014578
0.197411 0.663417 0.096104 0.003039 0.008543
0.197133 0.711473 0.087849 0.022194 0.031575
0.157095 0.656464 0.074670 0.002277 0.004258
0.100590 0.763636 0.029227 0.088021 0.102051
0.110290 0.754728 0.077194 0.138085 0.153605
0.128256 0.736133 0.100007 0.079586 0.093820
0.127570 0.769403 0.051267 0.105245 0.119311
0.240924 0.720984 0.143458 0.094256 0.133011
0.066061 0.706075 0.191035 0.017644 0.025695
0.127876 0.680875 0.250396 0.069306 0.092400
0.141553 0.649766 0.264627 0.013630 0.016109
0.237548 0.685409 0.107617 0.038528 0.052149
0.177525 0.700183 0.117389 0.051234 0.079936
0.150685 0.628223 0.256815 0.024736 0.041825
0.202121 0.674860 0.130719 0.050191 0.079680
0.232355 0.698864 0.141279 0.068933 0.096613
0.221443 0.678142 0.275338 0.053681 0.083146
0.148165 0.689604 0.303730 0.061325 0.079533
0.156730 0.693870 0.289946 0.061591 0.082926
0.250460 0.702256 0.172286 0.085857 0.130810
0.231595 0.696577 0.193602 0.065312 0.096490
0.233822 0.661207 0.128257 0.056089 0.079145
0.219748 0.708778 0.188002 0.066359 0.100355
0.194748 0.675993 0.212342 0.081969 0.116106
0.194535 0.679381 0.212342 0.081969 0.116106
0.207661 0.683013 0.306128 0.118853 0.156549
0.207661 0.681523 0.306128 0.118853 0.156549
0.166667 0.688601 0.203489 0.047247 0.062917
0.165188 0.650433 0.194289 0.021840 0.036936
0.210965 0.692307 0.182353 0.045139 0.067203
0.140000 0.654741 0.263807 0.016592 0.026033
0.179826 0.677458 0.233330 0.044146 0.061240
0.158903 0.664115 0.266119 0.026199 0.036088
0.159453 0.671264 0.147136 0.051020 0.067714
0.000000 0.000000 0.250000 0.000000 0.000000
0.141694 0.672065 0.265031 0.011394 0.018425
0.175459 0.671099 0.228079 0.034852 0.046642
0.213144 0.656115 0.104365 0.011075 0.019236
0.212838 0.704533 0.192988 0.055797 0.076545
0.217884 0.695692 0.293030 0.044308 0.056032
0.135434 0.644029 0.169423 0.043169 0.063636
0.134034 0.595859 0.181421 0.002265 0.003763
0.134921 0.691028 0.285805 0.009649 0.018220
0.149893 0.664280 0.221639 0.003627 0.007932
0.087971 0.619378 0.387827 0.006464 0.012284
0.257709 0.741775 0.120506 0.057556 0.072440
0.126195 0.612029 0.258720 0.030406 0.046425
0.075320 0.657930 0.412194 0.037480 0.061505
0.089552 0.685194 0.355661 0.056272 0.080787
0.077789 0.676336 0.110769 0.022459 0.035274
0.227675 0.711775 0.170147 0.128316 0.155800
0.201845 0.705748 0.240786 0.136716 0.182682
0.147919 0.657503 0.156948 0.039969 0.057661
0.200924 0.718393 0.167330 0.050316 0.063960
0.203233 0.727308 0.167330 0.050316 0.063960
0.175309 0.686039 0.293812 0.016252 0.020820
0.142500 0.672845 0.292835 0.029816 0.039152
0.146119 0.681920 0.399773 0.090095 0.120069
0.114878 0.656728 0.272354 0.030035 0.038704
0.191558 0.676141 0.274583 0.052492 0.070549
0.284091 0.753030 0.341049 0.191169 0.233805
0.268139 0.748014 0.342848 0.178316 0.215732
0.343656 0.794549 0.302288 0.278135 0.328957
0.246356 0.712336 0.244128 0.117050 0.158990
0.247355 0.695214 0.217834 0.123155 0.162240
0.266741 0.716493 0.213108 0.151970 0.197321
0.183805 0.694393 0.270330 0.078753 0.097055
0.246659 0.698419 0.284013 0.127292 0.160659
0.000000 0.000000 0.250000 0.000000 0.000000
0.000000 0.000000 0.250000 0.000000 0.000000
0.000000 0.000000 0.250000 0.000000 0.000000
0.075320 0.657793 0.412194 0.037480 0.061505
0.089552 0.685705 0.355661 0.056272 0.080787
0.077458 0.675766 0.110599 0.022138 0.034824
0.227675 0.711775 0.170147 0.128316 0.155800
0.201845 0.706290 0.240786 0.136716 0.182682
0.147919 0.657503 0.156948 0.039969 0.057661
0.200924 0.718393 0.167330 0.050316 0.063960
0.203233 0.727308 0.167330 0.050316 0.063960
0.175309 0.686039 0.293812 0.016252 0.020820
0.142500 0.672724 0.292835 0.029816 0.039152
0.146119 0.681688 0.399773 0.090095 0.120069
0.114878 0.657273 0.272354 0.030035 0.038704
0.191558 0.676141 0.274583 0.052492 0.070549
0.284091 0.753030 0.341049 0.191169 0.233805
0.268139 0.746709 0.342848 0.178316 0.215732
0.343656 0.794760 0.302288 0.278135 0.328957
0.246356 0.712464 0.244128 0.117050 0.158990
0.247355 0.695214 0.217834 0.123155 0.162240
0.266741 0.716493 0.213108 0.151970 0.197321
0.183805 0.695731 0.270330 0.078753 0.097055
0.246659 0.698419 0.284013 0.127292 0.160659
0.000000 0.000000 0.250000 0.000000 0.000000
0.000000 0.000000 0.250000 0.000000 0.000000
0.000000 0.000000 0.250000 0.000000 0.000000
0.075320 0.655786 0.412194 0.037480 0.061505
0.089552 0.686615 0.355661 0.056272 0.080787
0.077458 0.676537 0.110769 0.022459 0.035274
0.227675 0.711775 0.170147 0.128316 0.155800
0.201845 0.704858 0.240786 0.136716 0.182682
0.147919 0.657503 0.156948 0.039969 0.057661
0.200924 0.718393 0.167330 0.050316 0.063960
0.203233 0.727308 0.167330 0.050316 0.063960
0.175309 0.686039 0.293812 0.016252 0.020820
0.142500 0.673514 0.292835 0.029816 0.039152
0.146119 0.681032 0.399773 0.090095 0.120069
0.114878 0.657066 0.272354 0.030035 0.038704
0.191558 0.676141 0.274583 0.052492 0.070549
0.284091 0.753030 0.341049 0.191169 0.233805
0.268139 0.748014 0.342848 0.178316 0.215732
0.343656 0.794528 0.302288 0.278135 0.328957
0.246356 0.712336 0.244128 0.117050 0.158990
0.247355 0.695214 0.217834 0.123155 0.162240
0.266741 0.716493 0.213108 0.151970 0.197321
0.183805 0.694972 0.270330 0.078753 0.097055
0.246659 0.698419 0.284013 0.127292 0.160659
0.000000 0.000000 0.250000 0.000000 0.000000
0.000000 0.000000 0.250000 0.000000 0.000000
0.000000 0.000000 0.250000 0.000000 0.000000
0.075320 0.656727 0.412194 0.037480 0.061505
0.089552 0.685377 0.355661 0.056272 0.080787
0.077458 0.676230 0.110769 0.022459 0.035274
0.227675 0.711775 0.170147 0.128316 0.155800
0.201845 0.704690 0.240786 0.136716 0.182682
0.147919 0.657503 0.156948 0.039969 0.057661
0.200924 0.718393 0.167330 0.050316 0.063960
0.203233 0.727308 0.167330 0.050316 0.063960
0.175309 0.686039 0.293812 0.016252 0.020820
0.142500 0.672655 0.292835 0.029816 0.039152
0.146119 0.680762 0.399773 0.090095 0.120069
0.114878 0.658168 0.272354 0.030035 0.038704
0.191558 0.676141 0.274583 0.052492 0.070549
0.284091 0.753030 0.341049 0.191169 0.233805
0.268139 0.746709 0.342848 0.178316 0.215732
0.343656 0.794760 0.302288 0.278135 0.328957
0.246356 0.712336 0.244128 0.117050 0.158990
0.247355 0.695214 0.217834 0.123155 0.162240
0.266741 0.716493 0.213108 0.151970 0.197321
0.183162 0.695369 0.270330 0.078753 0.097055
0.246659 0.698419 0.284013 0.127292 0.160659
0.000000 0.000000 0.250000 0.000000 0.000000
0.000000 0.000000 0.250000 0.000000 0.000000
0.000000 0.000000 0.250000 0.000000 0.000000
0.075320 0.657409 0.412194 0.037480 0.061505
0.089552 0.687196 0.355661 0.056272 0.080787
0.077458 0.676901 0.110769 0.022459 0.035274
0.227675 0.711775 0.170147 0.128316 0.155800
0.201845 0.705468 0.240786 0.136716 0.182682
0.147919 0.657503 0.156948 0.039969 0.057661
0.200924 0.718393 0.167330 0.050316 0.063960
0.203233 0.727308 0.167330 0.050316 0.063960
0.175309 0.686039 0.293812 0.016252 0.020820
0.142500 0.674646 0.292835 0.029816 0.039152
0.146119 0.680824 0.399773 0.090095 0.120069
0.114878 0.657123 0.272354 0.030035 0.038704
0.191558 0.676141 0.274583 0.052492 0.070549
0.284091 0.753030 0.341049 0.191169 0.233805
0.268139 0.746709 0.342848 0.178316 0.215732
0.343656 0.794625 0.309863 0.278135 0.328957
0.246356 0.712336 0.244128 0.117050 0.158990
0.247355 0.695214 0.217834 0.123155 0.162240
0.266741 0.716493 0.213108 0.151970 0.197321
0.183805 0.694462 0.270330 0.078753 0.097055
0.246659 0.698419 0.284013 0.127292 0.160659
0.000000 0.000000 0.250000 0.000000 0.000000
0.000000 0.000000 0.250000 0.000000 0.000000
0.000000 0.000000 0.250000 0.000000 0.000000
AVERAGE 0.145537 0.588591 0.251543 0.049246 0.066368
