0 0 0.600412 0 0 0 0 0 0 0 0
1 1 0.654545 0 0 0 0 32.68 20.89 100 0
1 1 0.675889 0 0 0 0 34.26 23.61 100 0
1 1 0.695167 0 0 0 0 32.87 21 54.55 0
1 1 0.625 0 0 0 0 32.48 20.89 100 0
1 1 0.607375 0 0 0 0 31.85 19.7 27.78 0
1 1 0.643443 0 0 0 0 34.72 24.26 100 0
1 1 0.57047 0 0 0 0 33.25 21.4 45.45 0
1 1 0.720818 0 0 0 0 33.43 23.27 52.38 0
1 1 0.573727 0 0 0 0 33.83 21.34 50 0
1 0 0.642857 0 0 0 0 33.73 22.27 100 0
1 1 0.744444 0 0 0 0 33.6 22.63 100 0
1 1 0.503049 0 0 0 0 32.69 20.43 66.67 0
1 1 0.870546 0 0 0 0 38.95 32.83 100 0
1 1 0.588235 0 0 0 0 37.78 25.93 100 0
0 0 0.421849 0 0 0 0 0 0 0 0
1 1 0.545171 0 0 0 0 33.45 21.46 64.29 0
1 1 0.763736 0 0 0 0 33.92 22.27 100 0
1 1 0.6875 0 0 0 0 30.7 19.38 100 0
1 1 0.718039 0 0 0 0 14.59 8.68 33.33 0
1 1 0.730579 0 0 0 0 31.96 19.87 52 0
1 1 0.639799 0 0 0 0 28.89 17.27 15 0
1 1 0.75442 0 0 0 0 31.9 20.33 100 0
1 1 0.492366 0 0 0 0 36.72 24.58 88.89 0
1 1 0.615764 0 0 0 0 33.91 21.93 100 0
1 1 0.636364 0 0 0 0 34.91 23.61 100 0
1 1 0.689542 0 0 0 0 34.99 24.89 100 0
1 1 0.591934 0 0 0 0 36.63 23.94 90 0
1 1 0.735876 0 0 0 0 32.59 20.37 44.83 0
1 1 0.854701 0 0 0 0 33.24 21.71 100 0
1 1 0.457627 0 0 0 0 33.03 21.59 100 0
1 1 0.671756 0 0 0 0 33.79 22.27 100 0
1 1 0.705607 0 0 0 0 34.25 23.72 100 0
0 0 0.497425 0 0 0 0 0 0 0 0
1 1 0.676647 0 0 0 0 33.74 22.27 100 0
1 1 0.641304 0 0 0 0 34.25 22.94 100 0
0 0 0.329658 0 0 0 0 0 0 0 0
1 1 0.707143 0 0 0 0 33.54 22.39 100 0
0 0 0.717857 0 0 0 0 0 0 0 0
1 1 0.586265 0 0 0 0 35.58 24.26 100 0
1 1 0.656716 0 0 0 0 34.37 22.84 88.89 0
1 1 0.482213 0 0 0 0 36.23 25.62 100 0
1 1 0.5375 0 0 0 0 33.35 21.59 100 0
0 0 0.658031 0 0 0 0 0 0 0 0
1 1 0.633174 0 0 0 0 31.47 18.82 46.67 0
0 0 0.534722 0 0 0 0 0 0 0 0
1 1 0.62116 0 0 0 0 34.36 24.26 100 0
1 1 0.74375 0 0 0 0 33.99 22.94 100 0
1 1 0.746429 0 0 0 0 34.7 23.06 100 0
1 1 0.768212 0 0 0 0 33.55 23.61 100 0
0 0 0.569767 0 0 0 0 0 0 0 0
1 1 0.745989 0 0 0 0 36.6 23.72 100 0
0 0 0.428354 0 0 0 0 0 0 0 0
1 1 0.741379 0 0 0 0 32.55 20.89 100 0
1 1 0.582888 0 0 0 0 33.68 22.73 100 0
1 1 0.666667 0 0 0 0 33.47 21.93 100 0
1 0 0.432071 0 0 0 0 33.54 22.25 100 0
1 1 0.526699 0 0 0 0 43.38 34 100 0
0 0 0.497382 0 0 0 0 0 0 0 0
1 1 0.792683 0 0 0 0 34.07 22.73 100 0
1 1 0.561046 0 0 0 0 34.71 24.26 100 0
1 1 0.70922 0 0 0 0 37.05 25.1 88.89 0
1 1 0.306667 0 0 0 0 32.75 21.93 100 0
1 0 0.525097 0 0 0 0 32.63 21 62.5 0
1 1 0.726923 0 0 0 0 34.91 24.89 100 0
1 1 0.633288 0 0 0 0 30.52 19.72 78.95 0
1 1 0.672014 0 0 0 0 39.67 25.6 79.17 0
0 0 0.572519 0 0 0 0 0 0 0 0
1 1 0.567935 0 0 0 0 35.18 22.51 100 0
1 1 0.442211 0 0 0 0 31.68 20.34 76 0
1 1 0.742373 0 0 0 0 32.24 20.78 100 0
0 0 0.415117 0 0 0 0 0 0 0 0
1 1 0.565657 0 0 0 0 32.44 19.96 100 0
1 1 0.644876 0 0 0 0 35.06 22.82 25 0
1 1 0.479021 0 0 0 0 35.13 23.93 100 0
1 0 0.676471 0 0 0 0 33.85 23.16 100 0
1 0 0.574176 0 0 0 0 34.41 23.09 80 0
1 1 0.708054 0 0 0 0 35.51 24.24 100 0
1 1 0.564738 0 0 0 0 35.09 24.89 100 0
1 0 0.607143 0 0 0 0 33.93 21.81 100 0
1 1 0.492958 0 0 0 0 33.51 22.94 100 0
0 0 0.582418 0 0 0 0 0 0 0 0
0 0 0.480315 0 0 0 0 0 0 0 0
1 0 0.642308 0 0 0 0 0 0 0 0
1 1 0.735849 0 0 0 0 29.93 18.93 100 0
1 1 0.821632 0 0 0 0 36.45 26.14 100 0
1 1 0.731343 0 0 0 0 34.68 24.89 100 0
1 1 0.569061 0 0 0 0 34.07 22.94 100 0
1 1 0.691781 0 0 0 0 33.67 23.06 100 0
0 0 0.55481 0 0 0 0 0 0 0 0
1 1 0.618182 0 0 0 0 32.84 20.96 100 0
1 1 0.52766 0 0 0 0 34.45 23.61 100 0
1 0 0.494318 0 0 0 0 33.44 22.63 100 0
1 1 0.4375 0 0 0 0 40.15 30.38 100 0
1 0 0.618375 0 0 0 0 32.17 20.52 100 0
1 1 0.668675 0 0 0 0 33.51 22.94 100 0
1 1 0.836735 0 0 0 0 34.17 21.59 100 0
1 1 0.757085 0 0 0 0 33.27 21.21 100 0
1 1 0.601852 0 0 0 0 30.98 19.7 93.33 0
1 1 0.623377 0 0 0 0 33.74 22.27 100 0
1 1 0.726708 0 0 0 0 33.56 23.06 100 0
1 1 0.716802 0 0 0 0 31.44 19.75 29.17 0
1 1 0.718563 0 0 0 0 33.97 22.27 100 0
0 0 0.659893 0 0 0 0 0 0 0 0
1 1 0.792829 0 0 0 0 31.99 20.09 100 0
1 0 0.550604 0 0 0 0 0 0 0 0
1 1 0.742972 0 0 0 0 33.92 24.26 100 0
1 1 0.713472 0 0 0 0 16.07 9.28 100 0
1 1 0.576602 0 0 0 0 35.02 24.26 100 0
1 1 0.622685 0 0 0 0 34.68 23.61 100 0
1 0 0.621019 0 0 0 0 0 0 0 0
1 1 0.839196 0 0 0 0 34.37 23.61 100 0
1 1 0.590643 0 0 0 0 35.04 24.26 100 0
1 1 0.599265 0 0 0 0 35.06 24.26 100 0
1 1 0.761111 0 0 0 0 31.68 20.17 57.14 0
1 1 0.365854 0 0 0 0 33.4 21.93 100 0
