0 0 0.225877 0 0 0 0 0 0 0 0
0 0 0.114898 0 0 0 0 0 0 0 0
0 0 0.162447 0 0 0 0 0 0 0 0
0 0 0.144989 0 0 0 0 0 0 0 0
0 0 0.06548 0 0 0 0 0 0 0 0
0 0 0.157469 0 0 0 0 0 0 0 0
1 0 0.170697 0 0 0 0 15.56 10.32 100 0
0 0 0.178108 0 0 0 0 0 0 0 0
0 0 0.141026 0 0 0 0 0 0 0 0
0 0 0.0930949 0 0 0 0 0 0 0 0
0 0 0.0678098 0 0 0 0 0 0 0 0
1 0 0.183499 0 0 0 0 15.49 10.3 100 0
1 0 0.105166 0 0 0 0 14.65 9.25 100 0
1 0 0.201869 0 0 0 0 14.95 9.43 78.57 0
1 0 0.0690476 0 0 0 0 15.01 9.24 100 0
0 0 0.0774514 0 0 0 0 0 0 0 0
0 0 0.126946 0 0 0 0 0 0 0 0
1 0 0.138375 0 0 0 0 15.14 9.12 100 0
1 1 0.134845 0 0 0 0 15.72 10.32 100 0
0 0 0.153398 0 0 0 0 0 0 0 0
0 0 0.0943144 0 0 0 0 0 0 0 0
0 0 0.123251 0 0 0 0 0 0 0 0
0 0 0 0 0 0 0 0 0 0 0
0 0 0.13913 0 0 0 0 0 0 0 0
0 0 0.125581 0 0 0 0 0 0 0 0
0 0 0.147736 0 0 0 0 0 0 0 0
0 0 0.10394 0 0 0 0 0 0 0 0
0 0 0.183108 0 0 0 0 0 0 0 0
0 0 0.208009 0 0 0 0 0 0 0 0
0 0 0.135326 0 0 0 0 0 0 0 0
0 0 0.0363511 0 0 0 0 0 0 0 0
0 0 0.190018 0 0 0 0 0 0 0 0
1 0 0.121212 0 0 0 0 15.64 10.58 100 0
0 0 0.140669 0 0 0 0 0 0 0 0
0 0 0.119707 0 0 0 0 0 0 0 0
0 0 0.128837 0 0 0 0 0 0 0 0
0 0 0.214487 0 0 0 0 0 0 0 0
0 0 0.109166 0 0 0 0 0 0 0 0
0 0 0.131975 0 0 0 0 0 0 0 0
0 0 0.0937207 0 0 0 0 0 0 0 0
1 0 0.182759 0 0 0 0 15.06 9.35 100 0
1 0 0.184109 0 0 0 0 15.18 9.94 100 0
0 0 0.05054 0 0 0 0 0 0 0 0
0 0 0.224684 0 0 0 0 0 0 0 0
0 0 0.162986 0 0 0 0 0 0 0 0
0 0 0.117944 0 0 0 0 0 0 0 0
1 0 0.153846 0 0 0 0 15.62 10.63 100 0
0 0 0.2304 0 0 0 0 0 0 0 0
0 0 0.131934 0 0 0 0 0 0 0 0
0 0 0.148986 0 0 0 0 0 0 0 0
0 0 0.138597 0 0 0 0 0 0 0 0
1 1 0.186667 0 0 0 0 16.97 12.39 100 0
1 0 0.100279 0 0 0 0 14.51 8.91 100 0
0 0 0.16058 0 0 0 0 0 0 0 0
0 0 0.160141 0 0 0 0 0 0 0 0
0 0 0.0857655 0 0 0 0 0 0 0 0
0 0 0.0995434 0 0 0 0 0 0 0 0
0 0 0.0903998 0 0 0 0 0 0 0 0
0 0 0.178619 0 0 0 0 0 0 0 0
1 0 0.167979 0 0 0 0 15.42 10.74 100 0
1 1 0.244937 0 0 0 0 15.74 10.83 80 0
0 0 0.125704 0 0 0 0 0 0 0 0
0 0 0.134712 0 0 0 0 0 0 0 0
1 1 0.145985 0 0 0 0 15.29 9.93 66.67 0
1 0 0.0899123 0 0 0 0 14.52 8.91 100 0
0 0 0.0524405 0 0 0 0 0 0 0 0
1 0 0.0889488 0 0 0 0 14.43 8.91 100 0
0 0 0.130556 0 0 0 0 0 0 0 0
1 0 0.188659 0 0 0 0 15.86 11.23 100 0
1 0 0.231126 0 0 0 0 14.55 8.6 46.67 0
1 0 0.144975 0 0 0 0 14.77 9.08 30 0
0 0 0.132892 0 0 0 0 0 0 0 0
1 0 0.151899 0 0 0 0 15.47 10.56 100 0
1 0 0.2064 0 0 0 0 15.83 10.91 100 0
0 0 0.167722 0 0 0 0 0 0 0 0
0 0 0.0885609 0 0 0 0 0 0 0 0
1 1 0.164348 0 0 0 0 15.42 10.66 100 0
0 0 0.230132 0 0 0 0 0 0 0 0
1 0 0.178649 0 0 0 0 16.38 11.21 100 0
1 0 0.232829 0 0 0 0 15.8 11.28 100 0
0 0 0.0840925 0 0 0 0 0 0 0 0
0 0 0.130756 0 0 0 0 0 0 0 0
0 0 0.202393 0 0 0 0 0 0 0 0
1 1 0.213504 0 0 0 0 16.08 11.12 100 0
0 0 0.0775151 0 0 0 0 0 0 0 0
0 0 0.194377 0 0 0 0 0 0 0 0
0 0 0.0332481 0 0 0 0 0 0 0 0
1 0 0.157407 0 0 0 0 14.92 8.98 54.55 0
0 0 0.199907 0 0 0 0 0 0 0 0
0 0 0.199825 0 0 0 0 0 0 0 0
1 1 0.189349 0 0 0 0 14.81 8.96 100 0
0 0 0.164059 0 0 0 0 0 0 0 0
0 0 0.157218 0 0 0 0 0 0 0 0
0 0 0.0776914 0 0 0 0 0 0 0 0
1 0 0.182206 0 0 0 0 15.85 10.12 87.1 0
1 0 0.151088 0 0 0 0 15.58 10.32 100 0
1 0 0.146796 0 0 0 0 15.71 9.91 100 0
0 0 0.0363637 0 0 0 0 0 0 0 0
0 0 0.132539 0 0 0 0 0 0 0 0
1 1 0.145506 0 0 0 0 15.28 9.98 100 0
1 0 0.185239 0 0 0 0 15.39 10.65 100 0
0 0 0.141111 0 0 0 0 0 0 0 0
0 0 0.163154 0 0 0 0 0 0 0 0
0 0 0.0658815 0 0 0 0 0 0 0 0
1 1 0.187573 0 0 0 0 15.75 10.56 100 0
1 0 0.191441 0 0 0 0 16.3 11.04 100 0
1 1 0.156746 0 0 0 0 15.53 10.31 100 0
1 1 0.176901 0 0 0 0 15.65 10.48 100 0
0 0 0.0635766 0 0 0 0 0 0 0 0
1 0 0.190191 0 0 0 0 16.01 10.7 84.62 0
0 0 0.105939 0 0 0 0 0 0 0 0
0 0 0.203687 0 0 0 0 0 0 0 0
1 0 0.171073 0 0 0 0 14.98 9.72 100 0
1 1 0.183463 0 0 0 0 15.04 9.81 100 0
0 0 0.227858 0 0 0 0 0 0 0 0
0 0 0.138721 0 0 0 0 0 0 0 0
