0.225877 0.658092 0.187121 0.054295 0.079773
0.114898 0.621572 0.163584 0.011283 0.015256
0.162447 0.636895 0.116676 0.021361 0.032030
0.144989 0.651782 0.234393 0.034055 0.042793
0.065480 0.655029 0.187018 0.012945 0.019512
0.157469 0.680519 0.187251 0.046944 0.067995
0.170697 0.638970 0.276889 0.033139 0.049779
0.178108 0.633800 0.220541 0.039062 0.062796
0.141026 0.635649 0.104246 0.010605 0.013130
0.093095 0.617837 0.243341 0.015517 0.021970
0.067810 0.606698 0.291134 0.002713 0.003995
0.183499 0.641851 0.296555 0.063336 0.084948
0.105166 0.622713 0.254878 0.005172 0.007597
0.201869 0.681703 0.222648 0.037531 0.056106
0.069048 0.617180 0.219911 0.006241 0.008605
0.077451 0.661342 0.158970 0.009887 0.015308
0.126946 0.671536 0.238302 0.024553 0.038813
0.138375 0.625560 0.169051 0.049007 0.065172
0.134845 0.625791 0.186308 0.014213 0.017386
0.153398 0.671800 0.241084 0.059724 0.082778
0.094314 0.626170 0.197226 0.026545 0.037168
0.123251 0.647105 0.191337 0.017055 0.022408
0.000000 0.000000 0.250000 0.000000 0.000000
0.139130 0.651538 0.146986 0.024029 0.039910
0.125581 0.678603 0.172863 0.026723 0.038120
0.147736 0.613500 0.217556 0.010639 0.015433
0.103940 0.608782 0.212913 0.007995 0.011386
0.183108 0.652633 0.173099 0.031817 0.042395
0.208009 0.669567 0.220079 0.042320 0.057635
0.135326 0.691991 0.182605 0.037863 0.052933
0.036351 0.593105 0.287901 0.002323 0.003020
0.190018 0.652166 0.196186 0.051186 0.066991
0.121212 0.608622 0.112444 0.007629 0.010700
0.140669 0.684315 0.175007 0.023620 0.038633
0.119707 0.656437 0.258015 0.043492 0.058033
0.128837 0.673595 0.083892 0.011601 0.016439
0.214487 0.656589 0.136846 0.034265 0.050978
0.109166 0.653480 0.170790 0.013586 0.023636
0.131975 0.647402 0.184583 0.021017 0.031500
0.093721 0.624875 0.242824 0.008122 0.010960
0.182759 0.629816 0.213518 0.036131 0.050658
0.184109 0.671484 0.244501 0.034034 0.047594
0.050540 0.593390 0.126110 0.004741 0.006734
0.224684 0.644238 0.093006 0.042900 0.055305
0.162986 0.635777 0.257069 0.011354 0.017056
0.117944 0.672766 0.189927 0.020909 0.035200
0.153846 0.639938 0.246411 0.034872 0.049301
0.230400 0.692188 0.139747 0.055357 0.079476
0.131934 0.659790 0.170387 0.022831 0.034244
0.148986 0.654394 0.254166 0.037244 0.047772
0.138597 0.677771 0.128363 0.028469 0.044490
0.186667 0.674792 0.125855 0.051328 0.075379
0.100279 0.663114 0.350240 0.013987 0.019101
0.160580 0.658831 0.193055 0.040204 0.057410
0.160141 0.663866 0.209301 0.077148 0.099993
0.085765 0.673644 0.138972 0.015597 0.022396
0.099543 0.604084 0.219065 0.005624 0.009186
0.090400 0.665306 0.153259 0.025096 0.035565
0.178619 0.692665 0.179119 0.055949 0.078413
0.167979 0.663531 0.235297 0.016747 0.022202
0.244937 0.689239 0.186637 0.059308 0.083069
0.125704 0.671080 0.183782 0.023046 0.032285
0.134712 0.687996 0.134948 0.036919 0.053901
0.145985 0.621623 0.175904 0.010858 0.013986
0.089912 0.662382 0.266826 0.014392 0.019216
0.052441 0.606218 0.166618 0.004497 0.006603
0.088949 0.650932 0.269757 0.012461 0.017354
0.130556 0.668253 0.189456 0.047928 0.069768
0.188659 0.649052 0.206989 0.039104 0.056444
0.231126 0.693159 0.197503 0.111432 0.145024
0.144975 0.636491 0.205702 0.034318 0.050950
0.132892 0.641729 0.211966 0.018321 0.026691
0.151899 0.660208 0.215322 0.034292 0.049121
0.206400 0.672675 0.209902 0.024182 0.031440
0.167722 0.637146 0.138872 0.031942 0.051308
0.088561 0.653835 0.165737 0.008681 0.017031
0.164348 0.636702 0.198845 0.024623 0.032458
0.230132 0.659082 0.147894 0.027177 0.046094
0.178649 0.663821 0.176033 0.033212 0.046434
0.232829 0.659664 0.240014 0.069677 0.106285
0.084093 0.624577 0.335509 0.021295 0.027675
0.130756 0.681654 0.193894 0.018017 0.031469
0.202393 0.638387 0.172769 0.045293 0.066932
0.213504 0.633864 0.204313 0.038022 0.053120
0.077515 0.617613 0.125386 0.007888 0.010165
0.194377 0.662687 0.200755 0.046860 0.063763
0.033248 0.587485 0.207059 0.004704 0.007710
0.157407 0.620273 0.164886 0.028875 0.040809
0.199907 0.677414 0.186780 0.055075 0.076696
0.199825 0.677284 0.240638 0.086119 0.114094
0.189349 0.637887 0.129087 0.015584 0.022052
0.164059 0.686265 0.185816 0.050697 0.072610
0.157218 0.626242 0.164070 0.019399 0.027183
0.077691 0.664899 0.151917 0.009922 0.013611
0.182206 0.707454 0.159916 0.042338 0.062471
0.151088 0.630023 0.188799 0.008672 0.011768
0.146796 0.627279 0.192792 0.018998 0.026057
0.036364 0.595117 0.324221 0.003588 0.004959
0.132539 0.670920 0.161863 0.039347 0.061082
0.145506 0.668931 0.238154 0.028596 0.038764
0.185239 0.667144 0.216860 0.042843 0.056490
0.141111 0.678022 0.264416 0.044115 0.060410
0.163154 0.646354 0.215624 0.038355 0.056052
0.065881 0.652174 0.257947 0.014283 0.019349
0.187573 0.646996 0.260677 0.037580 0.047312
0.191441 0.645283 0.256912 0.043031 0.060023
0.156746 0.642578 0.220879 0.025722 0.037123
0.176901 0.661642 0.241995 0.035365 0.046661
0.063577 0.631226 0.178423 0.011764 0.017605
0.190191 0.658455 0.188770 0.015338 0.021295
0.105939 0.623811 0.181427 0.027688 0.037747
0.203687 0.669970 0.179104 0.047250 0.065517
0.171073 0.671813 0.273635 0.013791 0.018754
0.183463 0.667896 0.102223 0.007692 0.010225
0.227858 0.684214 0.177568 0.072159 0.104808
0.138721 0.690080 0.170643 0.047096 0.067025
AVERAGE 0.144617 0.645460 0.199007 0.029342 0.041520
