0 0 0.208906 0 0 0 0 0 0 0 0
1 0 0.100279 0 0 0 0 14.54 8.91 100 0
0 0 0.179296 0 0 0 0 0 0 0 0
1 1 0.152231 0 0 0 0 14.65 8.8 54.55 0
1 0 0.0889488 0 0 0 0 14.43 8.91 100 0
1 1 0.255172 0 0 0 0 14.82 8.87 27.78 0
0 0 0.139837 0 0 0 0 0 0 0 0
0 0 0.148531 0 0 0 0 0 0 0 0
0 0 0.172463 0 0 0 0 0 0 0 0
0 0 0.208595 0 0 0 0 0 0 0 0
1 1 0.124865 0 0 0 0 15.71 10.32 100 0
0 0 0.0887936 0 0 0 0 0 0 0 0
0 0 0.176007 0 0 0 0 0 0 0 0
1 0 0.203704 0 0 0 0 15.19 9.27 74.19 0
0 0 0.148345 0 0 0 0 0 0 0 0
0 0 0.136859 0 0 0 0 0 0 0 0
0 0 0.177909 0 0 0 0 0 0 0 0
1 0 0.169275 0 0 0 0 15.56 10.32 100 0
0 0 0.106211 0 0 0 0 0 0 0 0
0 0 0.162283 0 0 0 0 0 0 0 0
0 0 0.155814 0 0 0 0 0 0 0 0
1 1 0.211886 0 0 0 0 14.49 8.88 15 0
0 0 0.112303 0 0 0 0 0 0 0 0
0 0 0.219809 0 0 0 0 0 0 0 0
0 0 0.0604774 0 0 0 0 0 0 0 0
1 1 0.133603 0 0 0 0 15.64 10.46 100 0
1 0 0.199243 0 0 0 0 15.96 10.7 84.62 0
0 0 0.164434 0 0 0 0 0 0 0 0
0 0 0.16304 0 0 0 0 0 0 0 0
0 0 0.0743871 0 0 0 0 0 0 0 0
1 0 0.140977 0 0 0 0 15.16 10.07 100 0
1 0 0.163851 0 0 0 0 15.34 10.22 100 0
0 0 0.0473958 0 0 0 0 0 0 0 0
0 0 0.188855 0 0 0 0 0 0 0 0
1 0 0.183499 0 0 0 0 15.49 10.3 100 0
1 0 0.159033 0 0 0 0 15.56 10.54 100 0
0 0 0.158336 0 0 0 0 0 0 0 0
0 0 0.0433437 0 0 0 0 0 0 0 0
0 0 0.128735 0 0 0 0 0 0 0 0
0 0 0.209566 0 0 0 0 0 0 0 0
0 0 0.0934272 0 0 0 0 0 0 0 0
0 0 0.18 0 0 0 0 0 0 0 0
1 1 0.145506 0 0 0 0 15.28 9.98 100 0
0 0 0.134778 0 0 0 0 0 0 0 0
1 0 0.264732 0 0 0 0 14.51 8.62 46.67 0
0 0 0.204026 0 0 0 0 0 0 0 0
0 0 0.171239 0 0 0 0 0 0 0 0
0 0 0.0900595 0 0 0 0 0 0 0 0
0 0 0.0501294 0 0 0 0 0 0 0 0
1 0 0.143766 0 0 0 0 15 9.72 100 0
0 0 0.180938 0 0 0 0 0 0 0 0
0 0 0.141593 0 0 0 0 0 0 0 0
0 0 0.154389 0 0 0 0 0 0 0 0
1 0 0.0899123 0 0 0 0 14.52 8.91 100 0
1 0 0.184971 0 0 0 0 15.4 10.65 100 0
0 0 0.0757812 0 0 0 0 0 0 0 0
0 0 0.148986 0 0 0 0 0 0 0 0
0 0 0.244867 0 0 0 0 0 0 0 0
0 0 0.11559 0 0 0 0 0 0 0 0
0 0 0.0884956 0 0 0 0 0 0 0 0
1 1 0.197933 0 0 0 0 15.26 9.76 40 0
0 0 0.127602 0 0 0 0 0 0 0 0
1 0 0.139108 0 0 0 0 14.58 9.25 100 0
1 1 0.196341 0 0 0 0 15.71 10.56 100 0
0 0 0.110465 0 0 0 0 0 0 0 0
0 0 0.138298 0 0 0 0 0 0 0 0
0 0 0.100377 0 0 0 0 0 0 0 0
0 0 0.147143 0 0 0 0 0 0 0 0
0 0 0.207589 0 0 0 0 0 0 0 0
0 0 0.144421 0 0 0 0 0 0 0 0
0 0 0.184851 0 0 0 0 0 0 0 0
0 0 0.133033 0 0 0 0 0 0 0 0
0 0 0.213296 0 0 0 0 0 0 0 0
0 0 0.0859321 0 0 0 0 0 0 0 0
0 0 0.13977 0 0 0 0 0 0 0 0
1 1 0.130829 0 0 0 0 15.61 10.48 100 0
0 0 0.135585 0 0 0 0 0 0 0 0
0 0 0.174603 0 0 0 0 0 0 0 0
1 0 0.204525 0 0 0 0 14.98 9.45 100 0
0 0 0.0640895 0 0 0 0 0 0 0 0
1 0 0.147619 0 0 0 0 15.52 10.56 100 0
0 0 0.181744 0 0 0 0 0 0 0 0
0 0 0.188368 0 0 0 0 0 0 0 0
0 0 0.108339 0 0 0 0 0 0 0 0
0 0 0.0757844 0 0 0 0 0 0 0 0
1 0 0.2402 0 0 0 0 16.77 12.34 95.45 0
1 0 0.252142 0 0 0 0 15.86 11.21 100 0
1 1 0.16821 0 0 0 0 15.62 10.32 100 0
0 0 0.0299204 0 0 0 0 0 0 0 0
0 0 0.138876 0 0 0 0 0 0 0 0
0 0 0.0949888 0 0 0 0 0 0 0 0
1 0 0.210884 0 0 0 0 15.81 10.91 100 0
1 0 0.151899 0 0 0 0 15.47 10.56 100 0
0 0 0.0350286 0 0 0 0 0 0 0 0
0 0 0.135593 0 0 0 0 0 0 0 0
1 0 0.17688 0 0 0 0 15.39 10.74 100 0
1 1 0.132735 0 0 0 0 15.1 9.7 77.78 0
0 0 0.113855 0 0 0 0 0 0 0 0
0 0 0.129747 0 0 0 0 0 0 0 0
1 0 0.158921 0 0 0 0 14.86 9.39 100 0
0 0 0.0847933 0 0 0 0 0 0 0 0
0 0 0.205868 0 0 0 0 0 0 0 0
1 1 0.152369 0 0 0 0 15.64 10.32 100 0
0 0 0.106299 0 0 0 0 0 0 0 0
1 1 0.190758 0 0 0 0 14.81 8.96 100 0
0 0 0.219064 0 0 0 0 0 0 0 0
0 0 0.0801738 0 0 0 0 0 0 0 0
0 0 0.268627 0 0 0 0 0 0 0 0
0 0 0.124739 0 0 0 0 0 0 0 0
0 0 0.174362 0 0 0 0 0 0 0 0
0 0 0.193684 0 0 0 0 0 0 0 0
0 0 0.119777 0 0 0 0 0 0 0 0
1 0 0.185381 0 0 0 0 15.95 11.03 100 0
1 0 0.143204 0 0 0 0 14.77 9.1 30 0
0 0 0.13758 0 0 0 0 0 0 0 0
1 0 0.0650224 0 0 0 0 15.05 9.24 100 0
