0.208906 0.696831 0.207670 0.073697 0.101220
0.100279 0.663114 0.350240 0.013987 0.019101
0.179296 0.642317 0.240691 0.045079 0.066526
0.152231 0.617051 0.169824 0.029762 0.041825
0.088949 0.650932 0.269757 0.012461 0.017354
0.255172 0.652419 0.157851 0.017901 0.026755
0.139837 0.634554 0.249756 0.032382 0.046640
0.148531 0.613371 0.217556 0.010639 0.015433
0.172463 0.709709 0.139376 0.036848 0.054646
0.208595 0.641225 0.172852 0.047425 0.069770
0.124865 0.617493 0.178189 0.010844 0.013766
0.088794 0.632871 0.234942 0.031477 0.043717
0.176007 0.639093 0.204083 0.024312 0.034499
0.203704 0.696407 0.131493 0.045321 0.066223
0.148345 0.658958 0.153017 0.023473 0.036679
0.136859 0.674466 0.183879 0.029042 0.039820
0.177909 0.645573 0.235318 0.050692 0.069482
0.169275 0.640871 0.276889 0.033139 0.049779
0.106211 0.629143 0.139318 0.030310 0.041117
0.162283 0.669608 0.228373 0.076694 0.098482
0.155814 0.656855 0.199861 0.022405 0.037571
0.211886 0.714502 0.251943 0.097880 0.126965
0.112303 0.673947 0.153835 0.029349 0.042328
0.219809 0.682436 0.191721 0.065988 0.090247
0.060477 0.598283 0.102305 0.006197 0.008603
0.133603 0.629423 0.230843 0.022785 0.032736
0.199243 0.663092 0.183957 0.016499 0.022678
0.164434 0.665302 0.175771 0.041890 0.061316
0.163040 0.669649 0.184866 0.020066 0.034131
0.074387 0.617141 0.291172 0.002946 0.004319
0.140977 0.645072 0.157113 0.006216 0.008860
0.163851 0.663548 0.269043 0.029636 0.042158
0.047396 0.645372 0.309126 0.010447 0.014460
0.188855 0.706418 0.133441 0.051574 0.072589
0.183499 0.641479 0.296555 0.063336 0.084948
0.159033 0.648365 0.237661 0.031525 0.043244
0.158336 0.697675 0.130346 0.054402 0.077790
0.043344 0.595512 0.324340 0.004479 0.006151
0.128735 0.681487 0.205918 0.017777 0.031078
0.209566 0.656880 0.180731 0.047163 0.070033
0.093427 0.622494 0.253218 0.007910 0.010713
0.180000 0.646635 0.208502 0.034933 0.051236
0.145506 0.670284 0.238154 0.028596 0.038764
0.134778 0.703347 0.178793 0.046599 0.065002
0.264732 0.673779 0.243666 0.141548 0.184051
0.204026 0.678249 0.240856 0.090205 0.118680
0.171239 0.640914 0.229477 0.042993 0.063126
0.090060 0.593588 0.112118 0.006233 0.008817
0.050129 0.630238 0.213901 0.008626 0.012884
0.143766 0.658988 0.303499 0.009115 0.012921
0.180938 0.679217 0.162565 0.063643 0.089778
0.141593 0.677906 0.224770 0.059688 0.082629
0.154389 0.687077 0.241510 0.060894 0.084751
0.089912 0.662382 0.266826 0.014392 0.019216
0.184971 0.667829 0.216860 0.042704 0.056490
0.075781 0.608933 0.189927 0.006451 0.008181
0.148986 0.654906 0.254166 0.037244 0.047772
0.244867 0.701244 0.297373 0.119457 0.145351
0.115590 0.645983 0.204435 0.019488 0.025903
0.088496 0.638618 0.155810 0.005697 0.007030
0.197933 0.632973 0.218254 0.037687 0.050042
0.127602 0.681760 0.213373 0.032191 0.051872
0.139108 0.656049 0.255288 0.005558 0.009361
0.196341 0.652389 0.260852 0.038758 0.048635
0.110465 0.641846 0.232503 0.025669 0.037541
0.138298 0.668257 0.158946 0.021570 0.031252
0.100377 0.650538 0.124758 0.009992 0.019560
0.147143 0.671490 0.149795 0.039344 0.057557
0.207589 0.670938 0.220087 0.042539 0.057859
0.144421 0.670990 0.182268 0.046476 0.070563
0.184851 0.673976 0.200696 0.060067 0.085067
0.133033 0.683967 0.135647 0.030149 0.046340
0.213296 0.672842 0.218644 0.070529 0.093433
0.085932 0.652118 0.139270 0.013836 0.020918
0.139770 0.654183 0.212589 0.032507 0.041105
0.130829 0.613444 0.142396 0.009570 0.012428
0.135585 0.679367 0.198135 0.029449 0.040095
0.174603 0.639074 0.231801 0.036326 0.049905
0.204525 0.663502 0.158719 0.012167 0.018394
0.064089 0.603146 0.107438 0.006413 0.008533
0.147619 0.627773 0.210558 0.020376 0.029555
0.181744 0.701784 0.199483 0.048704 0.064621
0.188368 0.652175 0.205429 0.049729 0.066136
0.108339 0.613884 0.236285 0.007603 0.010915
0.075784 0.673210 0.143309 0.017230 0.023902
0.240200 0.691979 0.195082 0.044116 0.069298
0.252142 0.668585 0.231193 0.075550 0.110238
0.168210 0.664409 0.198949 0.021452 0.027663
0.029920 0.594522 0.305694 0.002008 0.002639
0.138876 0.658294 0.175480 0.035534 0.049130
0.094989 0.603664 0.195016 0.008571 0.012384
0.210884 0.672341 0.198380 0.024370 0.032153
0.151899 0.660208 0.215322 0.034292 0.049121
0.035029 0.585895 0.206822 0.001205 0.001834
0.135593 0.633619 0.193268 0.048742 0.065154
0.176880 0.672851 0.185541 0.018776 0.023923
0.132735 0.634641 0.113991 0.014015 0.018246
0.113855 0.629660 0.204244 0.015127 0.021674
0.129747 0.663560 0.189555 0.045519 0.063628
0.158921 0.634427 0.236672 0.011940 0.017692
0.084793 0.625727 0.345925 0.021295 0.027675
0.205868 0.678602 0.195360 0.037260 0.057374
0.152369 0.632253 0.188781 0.008694 0.011768
0.106299 0.661898 0.159327 0.024730 0.036692
0.190758 0.637610 0.129087 0.015638 0.022151
0.219064 0.676979 0.169440 0.042346 0.060439
0.080174 0.639155 0.258140 0.010550 0.013242
0.268627 0.701556 0.180964 0.083640 0.121002
0.124739 0.669830 0.146942 0.011654 0.016501
0.174362 0.666314 0.206178 0.046681 0.061325
0.193684 0.645053 0.220660 0.042644 0.066788
0.119777 0.639414 0.213001 0.035788 0.048437
0.185381 0.649363 0.213073 0.033308 0.045938
0.143204 0.632769 0.143189 0.020776 0.032667
0.137580 0.672898 0.238481 0.027964 0.042416
0.065022 0.614110 0.219854 0.005843 0.007959
AVERAGE 0.148875 0.653749 0.205329 0.032577 0.045527
