1 0 0.696356 0 0 0 0 0 0 0 0
0 0 0.595078 0 0 0 0 0 0 0 0
1 0 0.484 0 0 0 0 20.42 13.67 100 0
1 0 0.488426 0 0 0 0 15.35 10.19 70 0
1 1 0.600791 0 0 0 0 15.64 10.81 100 0
1 1 0.608401 0 0 0 0 14.92 9.15 29.17 0
1 0 0.569697 0 0 0 0 15.39 10.48 100 0
1 0 0.583333 0 0 0 0 15.11 10.32 87.5 0
0 0 0.231006 0 0 0 0 0 0 0 0
0 0 0.63125 0 0 0 0 0 0 0 0
0 0 0.285569 0 0 0 0 0 0 0 0
1 1 0.758929 0 0 0 0 15.28 9.98 100 0
1 1 0.597855 0 0 0 0 15.6 9.74 66.67 0
1 0 0.617886 0 0 0 0 15.56 10.39 100 0
1 0 0.44958 0 0 0 0 0 0 0 0
1 0 0.688623 0 0 0 0 15.46 10.24 100 0
1 0 0.623967 0 0 0 0 15.32 10.54 80 0
1 0 0.613675 0 0 0 0 0 0 0 0
0 0 0.347314 0 0 0 0 0 0 0 0
1 0 0.553719 0 0 0 0 15.81 11.12 100 0
0 0 0.255615 0 0 0 0 0 0 0 0
1 0 0.487666 0 0 0 0 19.73 13 100 0
1 0 0.458647 0 0 0 0 18.71 14.61 100 0
1 1 0.390947 0 0 0 0 15.73 9.98 100 0
1 1 0.543624 0 0 0 0 15.2 9.68 45.45 0
1 0 0.513011 0 0 0 0 0 0 0 0
1 1 0.977778 0 0 0 0 14.83 9.47 100 0
1 1 0.639456 0 0 0 0 15.3 10.65 100 0
1 0 0.508982 0 0 0 0 15.01 9.59 100 0
1 1 0.885714 0 0 0 0 14.79 9.47 100 0
1 0 0.506077 0 0 0 0 21.18 14.86 80 0
1 1 0.598684 0 0 0 0 15.38 10.48 100 0
1 1 0.510888 0 0 0 0 16.09 11.08 100 0
1 0 0.820106 0 0 0 0 15.01 9.25 100 0
1 1 0.565657 0 0 0 0 14.94 9.15 44.44 0
1 1 0.880952 0 0 0 0 14.89 9.47 100 0
1 1 0.630769 0 0 0 0 15.93 11.47 100 0
0 0 0.452101 0 0 0 0 0 0 0 0
1 1 0.740891 0 0 0 0 16.06 10.48 100 0
1 1 0.766871 0 0 0 0 15.62 10.48 100 0
1 0 0.531915 0 0 0 0 15.72 10.91 100 0
1 1 0.668571 0 0 0 0 15.47 10.15 100 0
1 1 0.660131 0 0 0 0 15.86 10.66 100 0
1 1 0.645793 0 0 0 0 16.62 12.11 100 0
0 0 0.520309 0 0 0 0 0 0 0 0
1 1 0.565359 0 0 0 0 15.96 11.21 100 0
1 1 0.533333 0 0 0 0 15.01 8.91 100 0
0 0 0.522034 0 0 0 0 0 0 0 0
1 0 0.583916 0 0 0 0 15.31 9.69 66.67 0
1 0 0.437323 0 0 0 0 17.27 11.06 92.31 0
0 0 0.613426 0 0 0 0 0 0 0 0
1 0 0.632509 0 0 0 0 15.71 10.15 100 0
1 0 0.64375 0 0 0 0 15.19 9.91 100 0
1 0 0.509971 0 0 0 0 17.8 12.01 100 0
1 0 0.75974 0 0 0 0 15.43 10.24 100 0
1 0 0.678571 0 0 0 0 14.82 9.16 75 0
1 1 0.398305 0 0 0 0 15.04 9.81 100 0
0 0 0.396341 0 0 0 0 0 0 0 0
1 1 0.417683 0 0 0 0 15.2 9.15 66.67 0
1 1 0.573395 0 0 0 0 15.28 10.33 100 0
0 0 0.706731 0 0 0 0 0 0 0 0
0 0 0.384817 0 0 0 0 0 0 0 0
1 1 0.538462 0 0 0 0 15.17 9.89 100 0
1 0 0.593023 0 0 0 0 18.15 16.29 100 0
1 1 0.473939 0 0 0 0 14.27 8.73 15 0
1 1 0.530043 0 0 0 0 16.53 12.18 100 0
1 1 0.536341 0 0 0 0 17.41 12.27 100 0
1 1 0.695548 0 0 0 0 15.61 10.76 52.38 0
1 1 0.632353 0 0 0 0 16.02 11.14 100 0
1 1 0.478055 0 0 0 0 16.85 10.97 90 0
1 1 0.412844 0 0 0 0 15.22 9.98 100 0
1 0 0.5 0 0 0 0 15.8 10.96 86.67 0
1 0 0.355526 0 0 0 0 16.62 12.09 77.27 0
1 1 0.552469 0 0 0 0 20.31 13.7 93.33 0
1 1 0.559633 0 0 0 0 14.6 9.02 57.14 0
1 0 0.581244 0 0 0 0 0 0 0 0
1 0 0.532967 0 0 0 0 14.76 9.12 40 0
1 1 0.496032 0 0 0 0 15.36 10.65 100 0
1 0 0.419458 0 0 0 0 14.42 8.45 46.67 0
1 0 0.640078 0 0 0 0 0 0 0 0
1 1 0.5919 0 0 0 0 15.41 9.89 64.29 0
1 0 0.396396 0 0 0 0 14.93 9.63 100 0
1 0 0.637006 0 0 0 0 0 0 0 0
1 1 0.563536 0 0 0 0 15.54 10.48 100 0
0 0 0.636442 0 0 0 0 0 0 0 0
1 1 0.563679 0 0 0 0 19.82 13.09 100 0
0 0 0.300518 0 0 0 0 0 0 0 0
1 1 0.532808 0 0 0 0 15.95 10.99 100 0
1 1 0.543478 0 0 0 0 16.08 10.3 100 0
1 1 0.585242 0 0 0 0 16.77 11.29 88.89 0
1 1 0.524164 0 0 0 0 15.57 10.98 100 0
1 0 0.478673 0 0 0 0 15.52 10.41 100 0
1 0 0.481203 0 0 0 0 15.85 11.24 100 0
1 0 0.54 0 0 0 0 0 0 0 0
1 1 0.363514 0 0 0 0 17.33 11.43 100 0
1 0 0.616046 0 0 0 0 16.01 11.14 100 0
1 0 0.467181 0 0 0 0 15.56 10.41 100 0
1 0 0.581028 0 0 0 0 15.9 11.14 88.89 0
1 1 0.612813 0 0 0 0 16.05 11.14 100 0
0 0 0.147097 0 0 0 0 0 0 0 0
1 0 0.573825 0 0 0 0 16.05 10.87 100 0
1 1 0.386667 0 0 0 0 14.9 9.81 100 0
1 1 0.710692 0 0 0 0 15.32 10.56 100 0
0 0 0.679012 0 0 0 0 0 0 0 0
1 0 0.601911 0 0 0 0 0 0 0 0
1 0 0.564767 0 0 0 0 0 0 0 0
1 1 0.787879 0 0 0 0 15.38 10.56 100 0
1 0 0.754098 0 0 0 0 15.24 10.22 100 0
1 0 0.725581 0 0 0 0 15.97 10.91 100 0
1 0 0.731579 0 0 0 0 15.62 10.72 100 0
1 1 0.71123 0 0 0 0 16.73 10.96 100 0
1 1 0.758333 0 0 0 0 15.41 10.15 100 0
1 1 0.475712 0 0 0 0 14.84 9.28 76 0
1 1 0.458156 0 0 0 0 17.05 11.59 88.89 0
1 0 0.81457 0 0 0 0 15.5 10.58 100 0
0 0 0.388122 0 0 0 0 0 0 0 0
