0.157856 0.650229 0.216427 0.027927 0.041171
0.157122 0.649945 0.216427 0.027927 0.041171
0.157856 0.648726 0.216427 0.027927 0.041171
0.000000 0.000000 0.250000 0.000000 0.000000
0.203210 0.671893 0.138728 0.051498 0.077725
0.158857 0.677155 0.245907 0.028079 0.037973
0.162471 0.673860 0.234413 0.028079 0.039092
0.199662 0.677607 0.131316 0.031789 0.048366
0.164407 0.649284 0.228349 0.044312 0.057050
0.051104 0.679366 0.159164 0.029892 0.044933
0.051438 0.693133 0.169591 0.018970 0.029143
0.037070 0.717799 0.244818 0.017538 0.025066
0.249412 0.763625 0.272758 0.160169 0.210315
0.136196 0.680513 0.139309 0.008075 0.010963
0.158802 0.611097 0.350565 0.010449 0.018337
0.191886 0.648603 0.213975 0.004325 0.006517
0.084977 0.691145 0.145417 0.011859 0.015675
0.145820 0.689452 0.124837 0.017786 0.037214
0.186992 0.616861 0.255275 0.002866 0.004140
0.000000 0.000000 0.250000 0.000000 0.000000
0.170602 0.705222 0.177016 0.090036 0.117451
0.097843 0.655322 0.263342 0.050539 0.067768
0.116225 0.726048 0.207019 0.051861 0.071672
0.092114 0.620114 0.212167 0.016348 0.022835
0.112994 0.647209 0.368566 0.086063 0.106449
0.110803 0.632364 0.349354 0.076627 0.100783
0.151351 0.619374 0.099124 0.003830 0.006304
0.187567 0.620943 0.117144 0.015194 0.022942
0.124049 0.632695 0.161374 0.007784 0.011343
0.199336 0.673573 0.152168 0.036560 0.048574
0.207921 0.676737 0.289605 0.067874 0.074961
0.135224 0.630265 0.260763 0.025213 0.026597
0.103806 0.679190 0.151014 0.016891 0.020920
0.156326 0.668752 0.223741 0.034947 0.049927
0.221292 0.699411 0.202878 0.053803 0.064980
0.168067 0.682414 0.218161 0.045434 0.057721
0.000000 0.000000 0.250000 0.000000 0.000000
0.061308 0.658675 0.396229 0.069317 0.082807
0.150611 0.639028 0.240724 0.003603 0.006609
0.008544 0.603985 0.293960 0.000462 0.000818
0.021026 0.628677 0.317039 0.000821 0.001106
0.046136 0.667642 0.215339 0.015354 0.023616
0.216099 0.724652 0.147441 0.069871 0.110442
0.268966 0.687475 0.240090 0.037496 0.060600
0.191564 0.668617 0.178401 0.022486 0.050563
0.169435 0.676875 0.178706 0.039239 0.059337
0.139059 0.665976 0.191921 0.021957 0.041586
0.137600 0.677492 0.170506 0.020312 0.031311
0.079794 0.658437 0.196991 0.016047 0.022903
0.118280 0.704963 0.269330 0.030329 0.041259
0.170051 0.700652 0.229666 0.054358 0.080096
0.167513 0.692678 0.229666 0.054358 0.080096
0.183794 0.679610 0.156192 0.011504 0.018643
0.218472 0.683971 0.257897 0.005692 0.009900
0.120148 0.652131 0.249999 0.022515 0.033968
0.151042 0.699901 0.368133 0.047604 0.066883
0.104545 0.683985 0.342215 0.034418 0.050630
0.151873 0.701933 0.228609 0.055510 0.083538
0.084716 0.625887 0.059884 0.022201 0.030841
0.165919 0.689547 0.281012 0.025558 0.041962
0.177326 0.632057 0.297961 0.016059 0.020648
0.182081 0.651704 0.297961 0.016059 0.020648
0.146628 0.659806 0.310289 0.016981 0.021146
0.143695 0.662578 0.310289 0.016981 0.021146
0.114943 0.674442 0.346714 0.014945 0.020111
0.099415 0.649643 0.346714 0.014945 0.020111
0.268775 0.704070 0.107163 0.087259 0.114059
0.152047 0.669558 0.406781 0.044979 0.071527
0.148936 0.639062 0.091767 0.029947 0.057028
0.023996 0.597727 0.259205 0.003283 0.005772
0.176707 0.630525 0.247943 0.046112 0.079993
0.184433 0.634684 0.192182 0.010392 0.020267
0.183704 0.670147 0.139996 0.071006 0.127535
0.171153 0.664210 0.234246 0.048909 0.080036
0.223087 0.695473 0.331110 0.113733 0.167019
0.132267 0.634601 0.293365 0.008698 0.014851
0.156607 0.631391 0.151481 0.007457 0.014449
0.172992 0.615154 0.145828 0.012962 0.029390
0.194888 0.645438 0.199544 0.037805 0.071385
0.193362 0.637056 0.129926 0.012624 0.024556
0.164973 0.685905 0.172605 0.027365 0.051864
0.154040 0.719060 0.506793 0.054694 0.089172
0.187651 0.713326 0.094777 0.047188 0.066155
0.046282 0.666815 0.215339 0.015354 0.023616
0.213483 0.717340 0.179631 0.099153 0.147602
0.140279 0.713420 0.202922 0.042160 0.065265
0.268966 0.687475 0.240090 0.037496 0.060600
0.191564 0.668617 0.178401 0.022486 0.050563
0.169435 0.675905 0.178706 0.039239 0.059337
0.149957 0.657600 0.175785 0.021446 0.041197
0.137280 0.678462 0.170506 0.020312 0.031311
0.079794 0.656948 0.196991 0.016047 0.022903
0.118280 0.704963 0.269330 0.030329 0.041259
0.170051 0.700652 0.229666 0.054358 0.080096
0.167513 0.692678 0.229666 0.054358 0.080096
0.183794 0.679610 0.156192 0.011504 0.018643
0.218472 0.683971 0.257897 0.005692 0.009900
0.119532 0.652180 0.249999 0.022515 0.033968
0.151042 0.699901 0.368133 0.047604 0.066883
0.104545 0.684817 0.342215 0.034418 0.050630
0.150785 0.701341 0.228609 0.055510 0.083538
0.084716 0.625471 0.059884 0.022201 0.030841
0.165919 0.689547 0.281012 0.025558 0.041962
0.177326 0.632057 0.297961 0.016059 0.020648
0.182081 0.651704 0.297961 0.016059 0.020648
0.146628 0.659806 0.310289 0.016981 0.021146
0.143695 0.662578 0.310289 0.016981 0.021146
0.114943 0.674442 0.346714 0.014945 0.020111
0.099415 0.649643 0.346714 0.014945 0.020111
0.268775 0.704070 0.107163 0.087259 0.114059
0.152047 0.669558 0.406781 0.044979 0.071527
0.148936 0.639062 0.091767 0.029947 0.057028
0.023865 0.597384 0.259205 0.003283 0.005772
0.176707 0.630525 0.247943 0.046112 0.079993
0.184433 0.634684 0.192182 0.010392 0.020267
0.183704 0.670147 0.139996 0.071006 0.127535
0.171153 0.664210 0.234246 0.048909 0.080036
0.223087 0.695473 0.331110 0.113733 0.167019
0.132267 0.634445 0.293365 0.008698 0.014851
0.157422 0.630144 0.151481 0.007457 0.014449
0.172992 0.615788 0.145828 0.012962 0.029390
0.195953 0.646578 0.199544 0.040518 0.072253
0.193362 0.637056 0.129926 0.012624 0.024556
0.164732 0.686012 0.172605 0.027365 0.051864
0.154040 0.719060 0.506793 0.054694 0.089172
0.187651 0.713318 0.094777 0.047188 0.066155
0.000000 0.000000 0.250000 0.000000 0.000000
0.085714 0.645120 0.130295 0.011169 0.019363
0.000000 0.000000 0.250000 0.000000 0.000000
0.087172 0.710305 0.220964 0.018886 0.023238
0.195326 0.684010 0.248239 0.064422 0.079238
0.141907 0.694932 0.314364 0.006581 0.008889
0.179612 0.694519 0.246078 0.038328 0.054395
0.179678 0.641786 0.126306 0.034679 0.044371
0.250996 0.736246 0.414307 0.087005 0.114495
0.127660 0.622094 0.335445 0.030395 0.049589
0.237179 0.709026 0.150665 0.065299 0.073943
0.228985 0.671696 0.074420 0.007191 0.011821
0.243553 0.665133 0.107442 0.007191 0.011261
0.198966 0.657084 0.145103 0.031084 0.040245
0.169941 0.737684 0.368274 0.093113 0.112861
0.095776 0.691550 0.325931 0.042258 0.056116
0.057655 0.609778 0.283879 0.016899 0.026478
0.088858 0.703719 0.243167 0.040256 0.054607
0.194030 0.635909 0.195929 0.018244 0.028364
0.223919 0.680389 0.195074 0.036374 0.045145
0.170872 0.645714 0.308986 0.021031 0.028109
0.227000 0.635988 0.208646 0.032705 0.049445
0.176606 0.631163 0.302603 0.017973 0.025036
0.188937 0.684107 0.303098 0.062822 0.081274
0.078335 0.633711 0.392854 0.042908 0.056612
0.115159 0.627109 0.145703 0.039059 0.056960
0.112435 0.617023 0.151914 0.025948 0.036481
0.054646 0.634767 0.118877 0.003077 0.004970
0.067616 0.644956 0.157576 0.003983 0.005604
0.018774 0.577644 0.262269 0.000524 0.000836
0.061065 0.680860 0.126479 0.026392 0.035221
0.027319 0.670516 0.221628 0.007138 0.010280
0.116334 0.627236 0.145703 0.039059 0.056960
0.113924 0.619597 0.151914 0.025948 0.036481
0.054851 0.634978 0.118877 0.003077 0.004970
0.067616 0.645328 0.157576 0.003983 0.005604
0.018774 0.578258 0.262269 0.000524 0.000836
0.060849 0.680349 0.126479 0.026392 0.035221
0.027332 0.671271 0.221627 0.007106 0.010228
0.115159 0.626517 0.145703 0.039059 0.056960
0.113924 0.616774 0.151914 0.025948 0.036481
0.054646 0.634832 0.118877 0.003077 0.004970
0.067843 0.647113 0.157576 0.003983 0.005604
0.018774 0.578173 0.262269 0.000524 0.000836
0.060849 0.680183 0.126479 0.026392 0.035221
0.027382 0.673025 0.221627 0.007106 0.010228
0.115159 0.626517 0.145703 0.039059 0.056960
0.113179 0.617760 0.151914 0.025948 0.036481
0.054646 0.634275 0.118877 0.003077 0.004970
0.067843 0.646883 0.157576 0.003983 0.005604
0.018774 0.579911 0.262269 0.000524 0.000836
0.060849 0.679964 0.126479 0.026392 0.035221
0.027370 0.671272 0.221628 0.007138 0.010280
0.115159 0.627607 0.145703 0.039059 0.056960
0.113179 0.617400 0.151914 0.025948 0.036481
0.054646 0.634785 0.118877 0.003077 0.004970
0.067390 0.645393 0.157576 0.003983 0.005604
0.018774 0.579203 0.262269 0.000524 0.000836
0.061065 0.681569 0.126479 0.026392 0.035221
0.027319 0.671171 0.221628 0.007138 0.010280
0.000000 0.000000 0.250000 0.000000 0.000000
0.256021 0.697164 0.251554 0.114870 0.164905
0.125237 0.650723 0.282246 0.036677 0.048536
0.265121 0.718513 0.271511 0.097531 0.141119
0.168504 0.664957 0.276989 0.080094 0.112850
0.228507 0.711622 0.222924 0.060133 0.074725
0.107761 0.592586 0.312529 0.019304 0.036380
0.069841 0.616165 0.636360 0.073965 0.096268
0.120739 0.658521 0.263011 0.025583 0.037856
0.188017 0.673550 0.167084 0.054056 0.079718
0.156013 0.697178 0.173488 0.049301 0.072999
0.000000 0.000000 0.250000 0.000000 0.000000
0.000000 0.000000 0.250000 0.000000 0.000000
0.062708 0.673702 0.153957 0.003166 0.005444
0.033499 0.655214 0.333884 0.012096 0.017895
0.085341 0.623892 0.366121 0.025778 0.037121
0.012747 0.633333 0.172768 0.001272 0.001948
0.000000 0.000000 0.250000 0.000000 0.000000
0.088170 0.661260 0.191825 0.012759 0.022712
0.085309 0.664535 0.246913 0.016560 0.036490
0.092115 0.612018 0.192724 0.008187 0.017982
0.051282 0.606584 0.150035 0.001765 0.003882
0.000000 0.000000 0.250000 0.000000 0.000000
0.000000 0.000000 0.250000 0.000000 0.000000
0.000000 0.000000 0.250000 0.000000 0.000000
0.090421 0.656945 0.161896 0.016349 0.025634
0.134785 0.669538 0.187865 0.025605 0.042305
0.070357 0.626666 0.191656 0.017017 0.023568
0.066135 0.606874 0.278980 0.006980 0.008964
0.169973 0.677870 0.156123 0.039380 0.057557
0.062292 0.665284 0.203977 0.007623 0.011073
0.159327 0.646427 0.117996 0.008480 0.011966
0.186529 0.645003 0.084625 0.008813 0.012817
0.131206 0.721987 0.210405 0.071987 0.085531
0.111270 0.696862 0.156108 0.037808 0.048392
0.153521 0.670649 0.072143 0.020859 0.038698
0.212824 0.678265 0.268091 0.040094 0.058743
0.148325 0.619704 0.210998 0.008079 0.013376
0.187895 0.686308 0.191572 0.058503 0.073406
0.173913 0.679427 0.169513 0.038723 0.051658
0.290856 0.688819 0.159691 0.099124 0.123347
0.041829 0.639169 0.284286 0.006713 0.010679
0.104398 0.671696 0.260351 0.026369 0.037070
0.138047 0.630296 0.252671 0.043806 0.069050
0.186858 0.686283 0.203928 0.055531 0.069351
0.173913 0.679427 0.169513 0.038723 0.051658
0.290856 0.688819 0.159691 0.099124 0.123347
0.041829 0.638559 0.284286 0.006713 0.010679
0.104809 0.672112 0.260351 0.026369 0.037070
0.138889 0.631228 0.252671 0.043806 0.069050
0.186858 0.686895 0.203928 0.055531 0.069351
0.173913 0.679427 0.169513 0.038723 0.051658
0.290856 0.688819 0.159691 0.099124 0.123347
0.041829 0.638861 0.284286 0.006713 0.010679
0.105220 0.671708 0.260351 0.026369 0.037070
0.138889 0.630641 0.252671 0.043806 0.069050
0.144458 0.639836 0.219801 0.039652 0.053192
0.057346 0.585724 0.150071 0.004673 0.007118
0.144458 0.640037 0.219801 0.039652 0.053192
0.056818 0.585065 0.150071 0.004673 0.007118
0.088235 0.618125 0.176432 0.013427 0.022747
0.231068 0.658053 0.191694 0.051809 0.076327
0.000000 0.000000 0.250000 0.000000 0.000000
0.000000 0.000000 0.250000 0.000000 0.000000
0.000000 0.000000 0.250000 0.000000 0.000000
0.066770 0.638554 0.186719 0.044912 0.074169
0.019257 0.641821 0.261017 0.007441 0.012381
0.025128 0.611340 0.418277 0.011152 0.018923
0.146269 0.671044 0.385136 0.044979 0.071527
0.084976 0.632075 0.255507 0.021430 0.037364
0.055520 0.568358 0.373500 0.001096 0.004525
0.000000 0.000000 0.250000 0.000000 0.000000
0.054742 0.573767 0.373500 0.001096 0.004525
0.000000 0.000000 0.250000 0.000000 0.000000
0.089133 0.597819 0.249063 0.015878 0.037933
0.224431 0.759381 0.138165 0.093372 0.132467
0.019259 0.642678 0.261017 0.007444 0.012387
0.025128 0.613212 0.418277 0.011152 0.018923
0.146269 0.671044 0.385136 0.044979 0.071527
0.084976 0.632100 0.255507 0.021430 0.037364
0.044483 0.550423 0.294593 0.004421 0.007614
0.067342 0.722629 0.292813 0.022629 0.030896
0.241185 0.708150 0.213854 0.117369 0.177560
0.158333 0.655072 0.121374 0.056280 0.086063
0.171698 0.667575 0.133931 0.033053 0.052866
0.158333 0.655072 0.121374 0.056280 0.086063
0.171698 0.667575 0.133931 0.033053 0.052866
0.031490 0.601379 0.262792 0.003023 0.005330
0.158333 0.655072 0.121374 0.056280 0.086063
0.171698 0.667575 0.133931 0.033053 0.052866
0.025290 0.601282 0.279811 0.003092 0.005538
0.226966 0.669969 0.162155 0.060601 0.089042
0.000000 0.000000 0.250000 0.000000 0.000000
0.000000 0.000000 0.250000 0.000000 0.000000
0.000000 0.000000 0.250000 0.000000 0.000000
0.000000 0.000000 0.250000 0.000000 0.000000
0.000000 0.000000 0.250000 0.000000 0.000000
0.000000 0.000000 0.250000 0.000000 0.000000
0.000000 0.000000 0.250000 0.000000 0.000000
0.000000 0.000000 0.250000 0.000000 0.000000
0.256856 0.719332 0.108977 0.051717 0.066725
0.000000 0.000000 0.250000 0.000000 0.000000
0.228090 0.669973 0.162155 0.060601 0.089042
0.000000 0.000000 0.250000 0.000000 0.000000
0.000000 0.000000 0.250000 0.000000 0.000000
0.000000 0.000000 0.250000 0.000000 0.000000
0.107417 0.620468 0.224733 0.009251 0.012100
0.078707 0.674673 0.253809 0.016361 0.020194
0.159154 0.735649 0.217093 0.038118 0.045951
0.124171 0.660468 0.327438 0.065048 0.086250
0.075824 0.609919 0.171303 0.005640 0.007255
0.069261 0.674558 0.268391 0.012658 0.015638
0.152614 0.735804 0.197118 0.037829 0.045341
0.124171 0.660468 0.327438 0.065048 0.086250
0.069690 0.632278 0.290991 0.048562 0.067048
0.241007 0.746925 0.375304 0.155222 0.183390
0.229961 0.680268 0.214403 0.037081 0.053691
0.137988 0.686994 0.246527 0.036772 0.055412
0.190297 0.690602 0.210186 0.049656 0.070985
0.215969 0.647816 0.277293 0.016473 0.024382
0.278008 0.734838 0.382846 0.127212 0.147052
0.155157 0.707730 0.419775 0.069503 0.087295
0.161789 0.717837 0.188027 0.055204 0.089913
0.180801 0.696272 0.191172 0.046937 0.068321
0.172140 0.688089 0.222626 0.046308 0.066830
0.137176 0.688323 0.272678 0.035618 0.049947
0.241007 0.746925 0.375304 0.155222 0.183390
0.229961 0.680268 0.214403 0.037081 0.053691
0.138971 0.688163 0.246527 0.036772 0.055412
0.186402 0.688515 0.210150 0.049485 0.070866
0.215969 0.647816 0.277293 0.016473 0.024382
0.278008 0.734838 0.382846 0.127212 0.147052
0.155157 0.708140 0.419775 0.069503 0.087295
0.161553 0.718336 0.188027 0.055204 0.089913
0.181560 0.696755 0.191172 0.046937 0.068321
0.172140 0.687732 0.222626 0.046308 0.066830
0.136888 0.688326 0.272678 0.035618 0.049947
0.241007 0.746925 0.375304 0.155222 0.183390
0.229961 0.680268 0.214403 0.037081 0.053691
0.138971 0.688495 0.246527 0.036772 0.055412
0.190297 0.690536 0.210186 0.049656 0.070985
0.215969 0.647816 0.277293 0.016473 0.024382
0.278008 0.734838 0.382846 0.127212 0.147052
0.155157 0.708292 0.419775 0.069503 0.087295
0.161756 0.718129 0.188027 0.055204 0.089913
0.180990 0.696497 0.191172 0.046937 0.068321
0.172140 0.687991 0.222626 0.046308 0.066830
0.136311 0.688287 0.272678 0.035618 0.049947
0.241007 0.746925 0.375304 0.155222 0.183390
0.241007 0.746925 0.375304 0.155222 0.183390
0.241007 0.746925 0.375304 0.155222 0.183390
0.150000 0.721032 0.318939 0.060561 0.087512
0.144385 0.726906 0.297969 0.036339 0.046788
0.197333 0.744031 0.326785 0.051392 0.060590
0.000000 0.000000 0.250000 0.000000 0.000000
0.000000 0.000000 0.250000 0.000000 0.000000
0.030078 0.648709 0.208647 0.009400 0.011683
0.000000 0.000000 0.250000 0.000000 0.000000
0.000000 0.000000 0.250000 0.000000 0.000000
0.000000 0.000000 0.250000 0.000000 0.000000
0.108790 0.640598 0.239849 0.048393 0.068051
0.136864 0.649062 0.221333 0.051346 0.075928
0.101604 0.684222 0.306138 0.043648 0.056677
0.000000 0.000000 0.250000 0.000000 0.000000
0.206963 0.694055 0.383583 0.164140 0.199688
0.000000 0.000000 0.250000 0.000000 0.000000
0.000000 0.000000 0.250000 0.000000 0.000000
0.019645 0.607167 0.255993 0.004853 0.007907
0.112299 0.658360 0.278220 0.010339 0.017955
0.121693 0.668488 0.278220 0.010339 0.017955
0.147700 0.668297 0.255889 0.005387 0.009994
0.191638 0.679505 0.095944 0.009817 0.021774
0.012278 0.540084 0.335241 0.001217 0.001863
0.033276 0.579696 0.366034 0.002605 0.003492
0.163498 0.654001 0.219317 0.090967 0.114235
0.163498 0.653930 0.219317 0.090967 0.114235
0.110622 0.672762 0.184920 0.016939 0.026503
0.208103 0.670110 0.193012 0.044675 0.073196
0.093205 0.618017 0.240584 0.021242 0.032654
0.159091 0.664168 0.253563 0.031402 0.044052
0.208207 0.667727 0.246808 0.033208 0.049946
0.174009 0.649478 0.213195 0.022538 0.032543
0.196721 0.691498 0.218781 0.083898 0.115684
0.104206 0.673326 0.221121 0.027448 0.041812
0.132612 0.676764 0.224613 0.040391 0.055857
0.111532 0.698950 0.185880 0.021378 0.026543
0.201829 0.721206 0.378614 0.068573 0.089475
0.111406 0.636551 0.169756 0.017810 0.028325
0.211949 0.650382 0.127662 0.035864 0.058306
0.113208 0.675149 0.280367 0.034722 0.049213
0.178197 0.662991 0.186782 0.113251 0.139676
0.121891 0.651471 0.081364 0.029122 0.039027
0.181115 0.697880 0.196949 0.016792 0.021580
0.068515 0.645309 0.261548 0.004102 0.005774
0.174687 0.670142 0.159858 0.043301 0.059462
0.070839 0.669872 0.215919 0.033837 0.045443
0.137037 0.666526 0.202073 0.034746 0.045508
0.087968 0.596275 0.204173 0.003099 0.004288
0.153034 0.675347 0.185121 0.033325 0.043547
0.178649 0.698830 0.222547 0.053915 0.068439
0.117029 0.616686 0.219540 0.023299 0.033217
0.077179 0.628739 0.263133 0.024921 0.032926
0.098560 0.615904 0.119643 0.008376 0.011171
0.137037 0.666526 0.202073 0.034746 0.045508
0.088866 0.597730 0.204173 0.003099 0.004288
0.153034 0.675347 0.185121 0.033325 0.043547
0.178649 0.698830 0.222547 0.053915 0.068439
0.117029 0.616478 0.219540 0.023299 0.033217
0.077179 0.629270 0.263133 0.024921 0.032926
0.098560 0.616150 0.119643 0.008376 0.011171
0.103448 0.640954 0.405324 0.044979 0.071527
0.122642 0.632946 0.405324 0.044979 0.071527
0.110063 0.654569 0.484940 0.062592 0.078603
0.090625 0.629705 0.467724 0.044979 0.071527
0.207780 0.728357 0.325882 0.142060 0.173128
0.150685 0.662727 0.188076 0.006547 0.008902
0.023791 0.614515 0.316612 0.010298 0.013268
0.035217 0.606681 0.266606 0.009299 0.013053
0.019211 0.583178 0.241306 0.001343 0.001843
0.056410 0.625983 0.349032 0.025445 0.032550
0.101113 0.640782 0.338180 0.056841 0.073908
0.189076 0.714158 0.431451 0.130114 0.168469
0.084330 0.672929 0.313842 0.030686 0.041730
0.483073 0.810445 0.759915 0.553023 0.573875
0.185611 0.711355 0.366515 0.108839 0.142102
0.103189 0.661001 0.349796 0.019098 0.025406
0.129973 0.690661 0.233104 0.068597 0.088679
0.000000 0.000000 0.250000 0.000000 0.000000
0.088556 0.681317 0.168232 0.016052 0.028248
0.100000 0.642348 0.264360 0.015996 0.020499
0.200895 0.716135 0.149352 0.033536 0.045237
0.213922 0.677661 0.303271 0.041004 0.054466
0.135309 0.711060 0.248746 0.033705 0.042255
0.194647 0.719572 0.559381 0.111061 0.133766
0.197183 0.666710 0.174936 0.058323 0.088953
0.121622 0.600159 0.190361 0.002878 0.004374
0.000000 0.000000 0.250000 0.000000 0.000000
0.000000 0.000000 0.250000 0.000000 0.000000
0.047529 0.670791 0.220999 0.010851 0.019215
0.081846 0.682261 0.227987 0.020627 0.026418
0.163151 0.654507 0.121198 0.017061 0.026316
0.000000 0.000000 0.250000 0.000000 0.000000
0.000000 0.000000 0.250000 0.000000 0.000000
0.000000 0.000000 0.250000 0.000000 0.000000
0.000000 0.000000 0.250000 0.000000 0.000000
0.164271 0.670702 0.307525 0.076477 0.098602
0.000000 0.000000 0.250000 0.000000 0.000000
0.014482 0.623997 0.287160 0.003059 0.003919
0.130177 0.651474 0.288933 0.015025 0.019808
0.142857 0.616136 0.224063 0.022525 0.036339
0.115837 0.677848 0.376063 0.055678 0.071238
0.182045 0.701003 0.192450 0.072070 0.104092
0.000000 0.000000 0.250000 0.000000 0.000000
0.115905 0.651371 0.374423 0.056040 0.074859
0.150785 0.662711 0.344522 0.050244 0.067831
0.142473 0.678939 0.361275 0.045359 0.058536
0.125448 0.675748 0.432604 0.060823 0.084829
0.122699 0.654421 0.311022 0.056038 0.077519
0.115885 0.651386 0.273709 0.036427 0.056029
0.129803 0.657671 0.314421 0.053333 0.072844
0.120132 0.653762 0.288029 0.036622 0.056174
0.137529 0.650399 0.347722 0.034136 0.052837
0.139442 0.657852 0.345616 0.030650 0.045929
0.106254 0.689430 0.249740 0.041620 0.062241
0.221413 0.678116 0.165697 0.056057 0.093376
0.191870 0.695970 0.121217 0.028673 0.044390
0.202020 0.695207 0.082011 0.010692 0.014965
0.160752 0.682359 0.106648 0.005504 0.008212
0.158129 0.689233 0.094029 0.009670 0.016655
0.222222 0.675673 0.100398 0.031221 0.054194
0.223633 0.662614 0.082496 0.008418 0.016095
0.238399 0.673562 0.102236 0.042146 0.065224
0.227238 0.676179 0.113120 0.036980 0.058717
0.199292 0.678295 0.117620 0.037177 0.054388
0.224806 0.678359 0.233152 0.056859 0.095849
0.206266 0.715477 0.353619 0.114490 0.140297
0.232449 0.737795 0.135111 0.142952 0.170596
0.099544 0.707563 0.247575 0.043605 0.055409
0.071103 0.667647 0.227670 0.022452 0.027825
0.205479 0.718863 0.222793 0.120709 0.149235
0.115905 0.652166 0.374423 0.056040 0.074859
0.150785 0.662621 0.344522 0.050244 0.067831
0.142473 0.678939 0.361275 0.045359 0.058536
0.125448 0.676211 0.432604 0.060823 0.084829
0.122699 0.654181 0.311022 0.056038 0.077519
0.115885 0.651089 0.273709 0.036427 0.056029
0.129803 0.656476 0.314421 0.053333 0.072844
0.120132 0.654143 0.288029 0.036622 0.056174
0.137529 0.651239 0.347722 0.034136 0.052837
0.139442 0.658366 0.345616 0.030650 0.045929
0.106610 0.690386 0.249740 0.041620 0.062241
0.206266 0.715477 0.353619 0.114490 0.140297
0.115905 0.651333 0.374423 0.056040 0.074859
0.150785 0.661787 0.344522 0.050244 0.067831
0.142473 0.678939 0.361275 0.045359 0.058536
0.125448 0.676963 0.432604 0.060823 0.084829
0.122699 0.654362 0.311022 0.056038 0.077519
0.115885 0.651031 0.273709 0.036427 0.056029
0.129803 0.657733 0.314421 0.053333 0.072844
0.120132 0.653255 0.288029 0.036622 0.056174
0.137529 0.651663 0.347722 0.034136 0.052837
0.139442 0.658831 0.345616 0.030650 0.045929
0.106965 0.690486 0.249740 0.041620 0.062241
0.206266 0.715477 0.353619 0.114490 0.140297
0.115905 0.651749 0.374423 0.056040 0.074859
0.150785 0.662749 0.344522 0.050244 0.067831
0.142473 0.678939 0.361275 0.045359 0.058536
0.125448 0.675307 0.432604 0.060823 0.084829
0.122699 0.653431 0.311022 0.056038 0.077519
0.115885 0.651068 0.273709 0.036427 0.056029
0.129803 0.657712 0.314421 0.053333 0.072844
0.120132 0.652693 0.288029 0.036622 0.056174
0.137529 0.650261 0.347722 0.034136 0.052837
0.139442 0.657238 0.345616 0.030650 0.045929
0.106254 0.689739 0.249740 0.041620 0.062241
0.231851 0.762037 0.154094 0.087589 0.126043
0.279711 0.741632 0.279386 0.117174 0.175224
0.238981 0.694172 0.214234 0.071136 0.113803
0.235006 0.683466 0.250996 0.061755 0.102819
0.251938 0.716039 0.193100 0.065114 0.096059
0.252896 0.717772 0.193100 0.065114 0.096059
0.211921 0.702907 0.235032 0.036820 0.059487
0.212871 0.704216 0.235032 0.036820 0.059487
0.237123 0.704900 0.213541 0.064251 0.103675
0.147826 0.710180 0.163856 0.098952 0.144969
0.206266 0.715477 0.353619 0.114490 0.140297
0.115905 0.652220 0.374423 0.056040 0.074859
0.150785 0.662988 0.344522 0.050244 0.067831
0.142473 0.678939 0.361275 0.045359 0.058536
0.125448 0.675713 0.432604 0.060823 0.084829
0.122699 0.653251 0.311022 0.056038 0.077519
0.115885 0.650949 0.273709 0.036427 0.056029
0.129803 0.657762 0.314421 0.053333 0.072844
0.120132 0.653652 0.288029 0.036622 0.056174
0.138306 0.652250 0.347722 0.034136 0.052837
0.139442 0.657386 0.345616 0.030650 0.045929
0.106610 0.691478 0.249740 0.041620 0.062241
0.206266 0.715477 0.353619 0.114490 0.140297
0.000000 0.000000 0.250000 0.000000 0.000000
0.202532 0.693835 0.281697 0.039830 0.047105
0.133919 0.660539 0.147964 0.004678 0.007544
0.107623 0.662242 0.283998 0.069933 0.091011
0.104956 0.669594 0.490033 0.066808 0.083250
0.101744 0.656204 0.290769 0.042448 0.051809
0.169367 0.667295 0.265727 0.034224 0.048781
0.219348 0.662609 0.232202 0.024036 0.039965
0.073227 0.615343 0.264818 0.002611 0.003957
0.181953 0.708764 0.239616 0.031221 0.047601
0.060533 0.618802 0.257272 0.004488 0.006264
0.153731 0.637992 0.271847 0.022338 0.033006
0.189911 0.643637 0.162520 0.034729 0.049171
0.172805 0.654967 0.263286 0.037899 0.055318
0.061576 0.624418 0.158771 0.011173 0.016547
0.134243 0.625679 0.236674 0.010041 0.014950
0.121658 0.652431 0.193611 0.038756 0.050436
0.050883 0.610804 0.283774 0.006594 0.012136
0.155224 0.649106 0.243766 0.033243 0.050336
0.187959 0.649858 0.255129 0.035309 0.053536
0.185529 0.636560 0.195656 0.010000 0.016062
0.149692 0.621767 0.197343 0.012128 0.020913
0.110945 0.647295 0.193821 0.005231 0.007454
0.084851 0.661901 0.292129 0.052510 0.065942
0.082211 0.644319 0.175148 0.012257 0.018041
0.081759 0.642791 0.175148 0.012047 0.017812
0.054785 0.609026 0.271943 0.002781 0.005826
0.084851 0.663545 0.292129 0.052510 0.065942
0.082211 0.641554 0.175148 0.012257 0.018041
0.081759 0.641841 0.175148 0.012047 0.017812
0.054941 0.611204 0.271943 0.002781 0.005826
0.085331 0.662631 0.292129 0.052510 0.065942
0.082211 0.640812 0.175148 0.012257 0.018041
0.081759 0.641954 0.175148 0.012047 0.017812
0.054596 0.609803 0.271943 0.002781 0.005826
0.245074 0.692220 0.256720 0.110181 0.148302
0.243626 0.697204 0.254433 0.104030 0.151458
0.000000 0.000000 0.250000 0.000000 0.000000
0.059009 0.600991 0.278980 0.006980 0.008964
0.082509 0.611567 0.158837 0.009061 0.014393
0.137702 0.621169 0.088567 0.022378 0.034281
0.261417 0.706508 0.264330 0.192685 0.229546
0.140677 0.684555 0.233325 0.069546 0.095730
0.143894 0.690760 0.233325 0.069546 0.095730
0.176018 0.706487 0.316014 0.101254 0.129587
0.172073 0.710915 0.317136 0.101783 0.131508
0.174986 0.707684 0.246801 0.068871 0.093314
0.167093 0.700954 0.276068 0.081191 0.105280
0.127358 0.683496 0.236181 0.053914 0.071073
0.122507 0.694296 0.386272 0.048833 0.068349
0.087774 0.610372 0.473537 0.053490 0.073665
0.045473 0.659275 0.297470 0.002516 0.007206
0.000000 0.000000 0.250000 0.000000 0.000000
0.000000 0.000000 0.250000 0.000000 0.000000
0.000000 0.000000 0.250000 0.000000 0.000000
0.116531 0.617157 0.279790 0.012493 0.018199
0.137284 0.685304 0.085116 0.030646 0.049275
0.125413 0.759352 0.277167 0.071331 0.092767
0.069963 0.730563 0.294533 0.049349 0.064480
0.189279 0.675778 0.245477 0.064099 0.083939
0.120548 0.689803 0.370058 0.019400 0.025468
0.103976 0.629597 0.473537 0.053490 0.073665
0.130208 0.694112 0.272430 0.017460 0.022562
0.140762 0.666750 0.636360 0.067260 0.096268
0.130564 0.665741 0.636360 0.067260 0.096268
0.316547 0.783830 0.474332 0.235238 0.259346
0.326599 0.781827 0.325401 0.205510 0.235359
0.000000 0.000000 0.250000 0.000000 0.000000
0.000000 0.000000 0.250000 0.000000 0.000000
0.186603 0.678964 0.255670 0.016189 0.026832
0.107417 0.620530 0.224733 0.009251 0.012100
0.079410 0.675488 0.253809 0.016361 0.020194
0.158807 0.735578 0.217093 0.038118 0.045951
0.124171 0.660468 0.327438 0.065048 0.086250
0.076374 0.611751 0.171303 0.005640 0.007255
0.069568 0.675366 0.268391 0.012658 0.015638
0.152288 0.736125 0.197118 0.037829 0.045341
0.124171 0.660468 0.327438 0.065048 0.086250
0.028514 0.678750 0.318036 0.011635 0.017162
0.075070 0.696070 0.177366 0.020755 0.032604
0.100037 0.671677 0.238894 0.055992 0.084294
0.133501 0.671372 0.041781 0.005693 0.009353
0.139276 0.668239 0.078289 0.006365 0.010615
0.038311 0.692993 0.254298 0.013971 0.021548
0.057790 0.697373 0.199462 0.014443 0.022692
0.074188 0.703218 0.186185 0.028335 0.041558
0.203419 0.642103 0.117104 0.011859 0.016757
0.072497 0.710373 0.228049 0.024610 0.035733
0.055779 0.691131 0.295109 0.018304 0.026088
0.154616 0.690584 0.185409 0.076383 0.109534
0.054780 0.695892 0.285982 0.022295 0.029343
0.266082 0.701200 0.187065 0.055554 0.073777
0.000000 0.000000 0.250000 0.000000 0.000000
0.000000 0.000000 0.250000 0.000000 0.000000
0.000000 0.000000 0.250000 0.000000 0.000000
0.157602 0.679214 0.154431 0.040368 0.056975
0.000000 0.000000 0.250000 0.000000 0.000000
0.000000 0.000000 0.250000 0.000000 0.000000
0.028799 0.648296 0.348386 0.025875 0.035344
0.132436 0.634690 0.310218 0.060835 0.080148
0.088339 0.635386 0.306485 0.058997 0.078080
0.144118 0.672026 0.250502 0.100670 0.130322
0.037577 0.624228 0.313631 0.023958 0.030191
0.048221 0.614061 0.259861 0.004820 0.007538
0.065165 0.599214 0.278013 0.006402 0.008259
0.153061 0.656581 0.261849 0.010497 0.014605
0.182077 0.661926 0.247211 0.031858 0.047613
0.029063 0.686462 0.285617 0.019883 0.026872
0.162617 0.651663 0.178154 0.005103 0.007749
0.093720 0.634216 0.208662 0.014107 0.018633
0.182540 0.662212 0.255884 0.012580 0.018160
0.153025 0.620817 0.163364 0.025975 0.044802
0.059470 0.583341 0.117903 0.000904 0.001934
0.112299 0.661957 0.263514 0.032072 0.045787
0.073623 0.705829 0.187834 0.022282 0.033279
0.109122 0.720485 0.191050 0.030862 0.046112
0.000000 0.000000 0.250000 0.000000 0.000000
0.167802 0.666962 0.173117 0.061690 0.088650
0.202322 0.707878 0.153334 0.079106 0.103367
0.154671 0.657098 0.255439 0.026889 0.038911
0.158815 0.691317 0.147731 0.034870 0.058361
0.094340 0.631789 0.233706 0.012142 0.020133
0.071355 0.631743 0.287674 0.012010 0.015771
0.258970 0.696223 0.177651 0.039834 0.058053
0.184915 0.696921 0.298036 0.041445 0.062180
0.000000 0.000000 0.250000 0.000000 0.000000
0.000000 0.000000 0.250000 0.000000 0.000000
0.342246 0.713368 0.211514 0.155260 0.196673
0.074597 0.580680 0.262815 0.003070 0.006490
0.063042 0.596412 0.269607 0.003806 0.005428
0.044866 0.568881 0.266414 0.002831 0.005521
0.175658 0.644267 0.165836 0.016724 0.029540
0.127193 0.632342 0.198767 0.020722 0.032767
0.174479 0.668708 0.094306 0.004999 0.010305
0.146426 0.651622 0.198944 0.014226 0.028123
0.029135 0.581145 0.315769 0.002345 0.004265
0.026848 0.564714 0.261126 0.001354 0.003434
0.137582 0.642334 0.156688 0.006232 0.011493
0.025475 0.576039 0.315715 0.002063 0.003214
0.032049 0.598237 0.243424 0.001288 0.002075
0.122479 0.629263 0.179075 0.010809 0.019761
0.088931 0.672521 0.185943 0.013823 0.022283
0.097902 0.648198 0.252405 0.015759 0.022688
0.052556 0.706580 0.193375 0.011378 0.015024
0.122414 0.617816 0.110892 0.004960 0.007683
0.216504 0.617301 0.235191 0.012273 0.020960
0.140179 0.716434 0.157571 0.035152 0.051073
0.089818 0.612804 0.241209 0.008027 0.015539
0.045168 0.610610 0.229847 0.007291 0.011271
0.043369 0.619765 0.214965 0.002035 0.003305
0.217672 0.698863 0.264149 0.054972 0.077905
0.075000 0.633962 0.377960 0.017317 0.020767
0.255319 0.731670 0.227002 0.112371 0.136644
0.210591 0.714436 0.195487 0.046369 0.063238
0.149586 0.690779 0.185907 0.025342 0.035101
0.257042 0.736348 0.227002 0.112371 0.136644
0.217672 0.698863 0.264149 0.054972 0.077905
0.076064 0.633306 0.377960 0.017317 0.020767
0.255319 0.731670 0.227002 0.112371 0.136644
0.210591 0.713793 0.195487 0.046369 0.063238
0.149962 0.690009 0.185907 0.025342 0.035101
0.257042 0.736348 0.227002 0.112371 0.136644
0.190232 0.734360 0.253005 0.090446 0.116630
0.217672 0.698863 0.264149 0.054972 0.077905
0.075000 0.634015 0.377960 0.017317 0.020767
0.255319 0.731670 0.227002 0.112371 0.136644
0.210285 0.714513 0.195487 0.046369 0.063238
0.149586 0.689896 0.185907 0.025342 0.035101
0.257042 0.736348 0.227002 0.112371 0.136644
0.000000 0.000000 0.250000 0.000000 0.000000
0.188947 0.689496 0.261204 0.109744 0.154891
0.055422 0.675863 0.275420 0.033212 0.046616
0.106986 0.718327 0.352994 0.069551 0.077872
0.000000 0.000000 0.250000 0.000000 0.000000
0.000000 0.000000 0.250000 0.000000 0.000000
0.000000 0.000000 0.250000 0.000000 0.000000
0.000000 0.000000 0.250000 0.000000 0.000000
0.000000 0.000000 0.250000 0.000000 0.000000
0.000000 0.000000 0.250000 0.000000 0.000000
0.000000 0.000000 0.250000 0.000000 0.000000
0.000000 0.000000 0.250000 0.000000 0.000000
0.000000 0.000000 0.250000 0.000000 0.000000
0.000000 0.000000 0.250000 0.000000 0.000000
0.000000 0.000000 0.250000 0.000000 0.000000
0.157227 0.717514 0.151151 0.046992 0.060696
0.056065 0.682454 0.261053 0.018707 0.025537
0.000000 0.000000 0.250000 0.000000 0.000000
0.000000 0.000000 0.250000 0.000000 0.000000
0.000000 0.000000 0.250000 0.000000 0.000000
0.215879 0.667302 0.199050 0.027619 0.041702
0.153027 0.621623 0.175699 0.005092 0.011071
0.000000 0.000000 0.250000 0.000000 0.000000
0.156774 0.684755 0.199719 0.028289 0.042885
0.094693 0.657272 0.125486 0.007332 0.010457
0.102781 0.650468 0.200384 0.019707 0.027428
0.079909 0.641680 0.270432 0.012604 0.015622
0.283218 0.729557 0.165944 0.143898 0.185088
0.000000 0.000000 0.250000 0.000000 0.000000
0.189300 0.690666 0.277061 0.084436 0.133196
0.191057 0.685372 0.215819 0.038240 0.056262
0.084989 0.626023 0.232425 0.008805 0.011898
0.098817 0.667768 0.227349 0.022504 0.035363
0.114899 0.695336 0.188037 0.018607 0.032270
0.109582 0.660664 0.191320 0.007796 0.010986
0.045240 0.624791 0.365483 0.015943 0.020648
0.187500 0.651690 0.243832 0.008010 0.012105
0.000000 0.000000 0.250000 0.000000 0.000000
0.218368 0.731033 0.246525 0.094147 0.129411
0.000000 0.000000 0.250000 0.000000 0.000000
0.217391 0.730723 0.246525 0.094147 0.129411
0.032638 0.604519 0.225448 0.005010 0.006820
0.070081 0.647199 0.172811 0.004895 0.005961
0.129741 0.686489 0.175115 0.046558 0.065290
0.123956 0.736500 0.141032 0.052713 0.072556
0.147009 0.666861 0.361648 0.056121 0.077767
0.189437 0.696314 0.095092 0.016577 0.023286
0.092818 0.616210 0.190873 0.015167 0.021236
0.064196 0.641812 0.172387 0.005827 0.009686
0.260175 0.677357 0.151559 0.121667 0.165435
0.202544 0.663138 0.082439 0.033389 0.048688
0.118156 0.693163 0.183571 0.060330 0.081286
0.234211 0.629854 0.069732 0.014205 0.025415
0.171644 0.643752 0.049571 0.003073 0.005156
0.057901 0.653089 0.169431 0.026934 0.043436
0.179191 0.679015 0.158139 0.018178 0.023916
0.000000 0.000000 0.250000 0.000000 0.000000
0.000000 0.000000 0.250000 0.000000 0.000000
0.000000 0.000000 0.250000 0.000000 0.000000
0.154290 0.628644 0.240112 0.035723 0.046354
0.105553 0.696219 0.252822 0.048658 0.072390
0.142688 0.660378 0.294590 0.059934 0.075290
0.078078 0.609563 0.178865 0.021178 0.037669
0.167897 0.629937 0.217372 0.034694 0.055910
0.137787 0.683280 0.233699 0.030628 0.045036
0.077778 0.613103 0.261718 0.005791 0.008763
0.227738 0.737086 0.235250 0.117716 0.142003
0.063093 0.680535 0.168603 0.014185 0.019865
0.083939 0.692892 0.171284 0.021412 0.029299
0.132760 0.653762 0.235634 0.041426 0.055248
0.140110 0.681925 0.294808 0.013906 0.019818
0.087500 0.614873 0.473537 0.058823 0.073665
0.136232 0.669002 0.378667 0.104664 0.142085
0.103976 0.640601 0.636360 0.073965 0.096268
0.087500 0.614873 0.473537 0.058823 0.073665
0.136232 0.669002 0.378667 0.104664 0.142085
0.081505 0.634787 0.636360 0.073965 0.096268
0.098461 0.647392 0.657193 0.079867 0.122411
0.176688 0.708428 0.162064 0.071529 0.098176
0.260204 0.777854 0.285764 0.206335 0.236738
0.124378 0.660781 0.175903 0.051321 0.069847
0.388005 0.781966 0.248773 0.258006 0.318832
0.000000 0.000000 0.250000 0.000000 0.000000
0.000000 0.000000 0.250000 0.000000 0.000000
0.000000 0.000000 0.250000 0.000000 0.000000
0.000000 0.000000 0.250000 0.000000 0.000000
0.000000 0.000000 0.250000 0.000000 0.000000
0.000000 0.000000 0.250000 0.000000 0.000000
0.000000 0.000000 0.250000 0.000000 0.000000
0.000000 0.000000 0.250000 0.000000 0.000000
0.000000 0.000000 0.250000 0.000000 0.000000
0.244804 0.694148 0.235819 0.059873 0.085676
0.145011 0.719933 0.358912 0.114422 0.138284
0.220610 0.743668 0.317824 0.140507 0.174419
0.201913 0.745138 0.456045 0.148486 0.184852
0.249577 0.767408 0.413156 0.204095 0.257971
0.167939 0.728258 0.387402 0.080307 0.106576
0.126372 0.685017 0.325238 0.051054 0.068798
0.163495 0.665809 0.153677 0.064918 0.087610
0.113835 0.655804 0.193858 0.051182 0.069123
0.102740 0.652877 0.319482 0.054390 0.074490
0.139697 0.676945 0.258919 0.047882 0.065665
0.108468 0.637239 0.331412 0.056696 0.074989
0.152522 0.719459 0.319847 0.105969 0.138564
0.110550 0.655589 0.152468 0.034646 0.044910
0.202267 0.743073 0.363864 0.150761 0.193454
0.000000 0.000000 0.250000 0.000000 0.000000
0.000000 0.000000 0.250000 0.000000 0.000000
0.000000 0.000000 0.250000 0.000000 0.000000
0.165456 0.744920 0.275281 0.080188 0.107173
0.087414 0.638066 0.238087 0.024520 0.035833
0.000000 0.000000 0.250000 0.000000 0.000000
0.178123 0.741648 0.317101 0.091449 0.117917
0.185453 0.725696 0.348582 0.098071 0.123590
0.204450 0.720083 0.340731 0.116867 0.148403
0.167669 0.693461 0.296434 0.067274 0.089293
0.143121 0.735745 0.324416 0.076293 0.105114
0.160874 0.711614 0.303939 0.069060 0.094521
0.191586 0.715432 0.344110 0.132078 0.170189
0.000000 0.000000 0.250000 0.000000 0.000000
0.272379 0.771280 0.306493 0.180259 0.209531
0.120391 0.671404 0.258512 0.033914 0.046570
0.144801 0.731047 0.373111 0.065668 0.083235
0.131590 0.682455 0.361642 0.079494 0.102298
0.000000 0.000000 0.250000 0.000000 0.000000
0.054348 0.636023 0.348149 0.015402 0.022504
0.084360 0.611990 0.188206 0.006321 0.010422
0.042962 0.589031 0.285555 0.008067 0.011622
0.198187 0.678835 0.180797 0.063589 0.098274
0.056389 0.726184 0.268421 0.033237 0.046267
0.186306 0.634485 0.277590 0.008400 0.016125
0.047169 0.647125 0.238313 0.005702 0.008900
0.181818 0.636197 0.277590 0.008400 0.016125
0.187898 0.637505 0.277590 0.008400 0.016125
0.172249 0.645889 0.277590 0.008400 0.016125
0.021400 0.612946 0.199525 0.004730 0.007517
0.139241 0.648547 0.225223 0.009535 0.018750
0.181818 0.636197 0.277590 0.008400 0.016125
0.185693 0.677004 0.093399 0.015848 0.026572
0.070748 0.645140 0.333521 0.010355 0.022193
0.076213 0.637359 0.251958 0.000778 0.002160
0.041009 0.631495 0.293493 0.001961 0.003842
0.493746 0.784397 0.477426 0.411481 0.461748
0.097020 0.722036 0.100899 0.032014 0.045134
0.142597 0.720806 0.182424 0.040896 0.060244
0.115942 0.625501 0.206037 0.005655 0.008386
0.491960 0.782527 0.477426 0.411481 0.461748
0.097151 0.723399 0.100899 0.032014 0.045134
0.140154 0.719361 0.182420 0.040882 0.060318
0.115942 0.625501 0.206037 0.005655 0.008386
0.083040 0.676548 0.248768 0.016569 0.026106
0.058163 0.568303 0.120615 0.004742 0.006565
0.202513 0.768695 0.216479 0.080175 0.101899
0.257833 0.707580 0.166085 0.070945 0.096493
0.173233 0.669515 0.172758 0.030306 0.044759
0.491364 0.783238 0.477426 0.411481 0.461748
0.097084 0.723130 0.100899 0.032014 0.045134
0.140154 0.720522 0.182420 0.040882 0.060318
0.115942 0.625501 0.206037 0.005655 0.008386
0.083208 0.677059 0.248768 0.016569 0.026106
0.058163 0.568105 0.120615 0.004742 0.006565
0.196566 0.766264 0.212717 0.075017 0.095592
0.257833 0.707580 0.166085 0.070945 0.096493
0.172654 0.669690 0.172758 0.030306 0.044759
0.491364 0.783148 0.477426 0.411481 0.461748
0.097020 0.724039 0.100899 0.032014 0.045134
0.140770 0.718783 0.182423 0.041172 0.060795
0.115942 0.625501 0.206037 0.005655 0.008386
0.083040 0.677483 0.248768 0.016569 0.026106
0.058163 0.568380 0.120615 0.004742 0.006565
0.202666 0.767069 0.214482 0.079849 0.101467
0.257833 0.707580 0.166085 0.070945 0.096493
0.173233 0.669946 0.172758 0.030306 0.044759
0.000000 0.000000 0.250000 0.000000 0.000000
0.126707 0.622607 0.257389 0.027808 0.039935
0.096527 0.625319 0.160336 0.014987 0.022563
0.067164 0.614771 0.177728 0.010849 0.015223
0.158177 0.707156 0.350433 0.023242 0.029433
0.060519 0.700716 0.237542 0.027981 0.037187
0.119298 0.671555 0.193096 0.034405 0.047413
0.080605 0.640805 0.281426 0.006741 0.015027
0.142457 0.687916 0.061553 0.022864 0.023295
0.142547 0.722911 0.171750 0.065397 0.080357
0.205761 0.635366 0.176224 0.013906 0.022088
0.229921 0.684832 0.211744 0.070496 0.099156
0.229921 0.684832 0.211744 0.070496 0.099156
0.121622 0.600159 0.190361 0.002878 0.004374
0.000000 0.000000 0.250000 0.000000 0.000000
0.000000 0.000000 0.250000 0.000000 0.000000
0.048460 0.673775 0.221003 0.011133 0.019755
0.213190 0.674203 0.239807 0.087475 0.118032
0.265210 0.664376 0.101897 0.045962 0.074311
0.167844 0.697432 0.171375 0.077505 0.110435
0.139276 0.693889 0.394531 0.066416 0.094365
0.125698 0.691049 0.394531 0.066416 0.094365
0.107417 0.620746 0.224733 0.009251 0.012100
0.079410 0.674823 0.253809 0.016361 0.020194
0.158807 0.735966 0.217093 0.038118 0.045951
0.124171 0.660468 0.327438 0.065048 0.086250
0.076374 0.611187 0.171303 0.005640 0.007255
0.069261 0.675339 0.268391 0.012658 0.015638
0.152614 0.736793 0.197118 0.037829 0.045341
0.124171 0.660468 0.327438 0.065048 0.086250
0.192744 0.629857 0.172267 0.042999 0.058244
0.195499 0.660435 0.316316 0.136557 0.174817
0.265044 0.639286 0.293167 0.032766 0.044872
0.000000 0.000000 0.250000 0.000000 0.000000
0.000000 0.000000 0.250000 0.000000 0.000000
0.000000 0.000000 0.250000 0.000000 0.000000
0.000000 0.000000 0.250000 0.000000 0.000000
0.000000 0.000000 0.250000 0.000000 0.000000
0.000000 0.000000 0.250000 0.000000 0.000000
0.000000 0.000000 0.250000 0.000000 0.000000
0.000000 0.000000 0.250000 0.000000 0.000000
0.095329 0.659129 0.132718 0.007258 0.010347
0.102781 0.651423 0.200384 0.019707 0.027428
0.079909 0.644371 0.306672 0.012238 0.015085
0.000000 0.000000 0.250000 0.000000 0.000000
0.291909 0.733748 0.215407 0.158582 0.202049
0.000000 0.000000 0.250000 0.000000 0.000000
0.217550 0.693648 0.207617 0.075784 0.118401
0.148064 0.669781 0.247856 0.040178 0.051290
0.196477 0.686927 0.230838 0.036352 0.054361
0.077263 0.629300 0.225877 0.008805 0.011703
0.077786 0.654570 0.277765 0.015915 0.026855
0.114458 0.695818 0.188996 0.018607 0.032224
0.103759 0.661612 0.188770 0.007796 0.010915
0.045240 0.625466 0.365483 0.015943 0.020648
0.000000 0.000000 0.250000 0.000000 0.000000
0.090937 0.660115 0.133512 0.007440 0.010478
0.102781 0.650851 0.200384 0.019707 0.027428
0.079909 0.643741 0.306672 0.012238 0.015085
0.000000 0.000000 0.250000 0.000000 0.000000
0.291909 0.733748 0.215407 0.158582 0.202049
0.000000 0.000000 0.250000 0.000000 0.000000
0.217550 0.693648 0.207617 0.075784 0.118401
0.148064 0.669781 0.247856 0.040178 0.051290
0.196477 0.686927 0.230838 0.036352 0.054361
0.077263 0.628919 0.225877 0.008805 0.011703
0.077786 0.653759 0.277765 0.015915 0.026855
0.114853 0.696332 0.188996 0.018607 0.032224
0.101112 0.656617 0.195197 0.008644 0.012103
0.045240 0.625661 0.365483 0.015943 0.020648
0.000000 0.000000 0.250000 0.000000 0.000000
0.091239 0.658385 0.133512 0.007440 0.010478
0.102781 0.651623 0.200384 0.019707 0.027428
0.079909 0.644578 0.306672 0.012238 0.015085
0.000000 0.000000 0.250000 0.000000 0.000000
0.292557 0.734330 0.215407 0.158582 0.202049
0.000000 0.000000 0.250000 0.000000 0.000000
0.217550 0.693648 0.207617 0.075784 0.118401
0.148064 0.669781 0.247856 0.040178 0.051290
0.196477 0.686927 0.230838 0.036352 0.054361
0.077263 0.628573 0.225877 0.008805 0.011703
0.077786 0.653270 0.277765 0.015915 0.026855
0.114458 0.696525 0.188996 0.018607 0.032224
0.104288 0.661720 0.188770 0.007796 0.010915
0.045240 0.621379 0.365483 0.015943 0.020648
0.000000 0.000000 0.250000 0.000000 0.000000
0.095011 0.659619 0.132718 0.007258 0.010347
0.102378 0.651839 0.200384 0.019707 0.027428
0.079909 0.644069 0.306672 0.012238 0.015085
0.000000 0.000000 0.250000 0.000000 0.000000
0.291909 0.733748 0.215407 0.158582 0.202049
0.000000 0.000000 0.250000 0.000000 0.000000
0.217550 0.693648 0.207617 0.075784 0.118401
0.148064 0.669781 0.247856 0.040178 0.051290
0.196477 0.686927 0.230838 0.036352 0.054361
0.077263 0.629267 0.225877 0.008805 0.011703
0.077786 0.652694 0.277765 0.015915 0.026855
0.114559 0.695212 0.188996 0.018607 0.032224
0.100582 0.656817 0.195197 0.008644 0.012103
0.045240 0.622939 0.365483 0.015943 0.020648
0.000000 0.000000 0.250000 0.000000 0.000000
0.000000 0.000000 0.250000 0.000000 0.000000
0.000000 0.000000 0.250000 0.000000 0.000000
0.191981 0.699286 0.223561 0.091286 0.110243
0.341807 0.766074 0.342867 0.199453 0.242464
0.227431 0.668301 0.178788 0.049059 0.071121
0.213321 0.652044 0.161437 0.076089 0.104839
0.257028 0.689486 0.180442 0.062610 0.087151
0.127859 0.655418 0.167222 0.038422 0.054230
0.183983 0.704118 0.284380 0.127242 0.167834
0.314879 0.749613 0.320324 0.278981 0.326961
0.317460 0.732889 0.228599 0.147676 0.195628
0.270554 0.673222 0.257430 0.061292 0.092642
0.163580 0.694522 0.190673 0.042819 0.065053
0.207296 0.692919 0.216672 0.068318 0.099488
0.290495 0.702253 0.056788 0.031896 0.046448
0.175248 0.654439 0.241070 0.099284 0.132300
0.158282 0.682022 0.289953 0.075685 0.080692
0.190414 0.654162 0.275212 0.078614 0.101033
0.124240 0.725614 0.257804 0.075595 0.138830
0.134205 0.679872 0.257967 0.048977 0.069675
0.076327 0.635462 0.226151 0.014426 0.018602
0.151188 0.673336 0.373546 0.066455 0.089593
0.295031 0.684271 0.274196 0.150142 0.184343
0.152360 0.684722 0.373546 0.066455 0.089593
0.299090 0.694228 0.396287 0.164606 0.197015
0.315126 0.706019 0.317715 0.139474 0.169567
0.137931 0.672206 0.397383 0.069860 0.096946
0.218391 0.727090 0.372179 0.146911 0.180910
0.166360 0.658882 0.276111 0.095868 0.113422
0.036364 0.616399 0.312552 0.027102 0.037281
0.034426 0.613182 0.329296 0.024357 0.034079
0.191981 0.699286 0.223561 0.091286 0.110243
0.341807 0.765796 0.342867 0.199453 0.242464
0.161642 0.670381 0.213160 0.033943 0.051973
0.213321 0.652044 0.161437 0.076089 0.104839
0.259358 0.690795 0.214533 0.063152 0.087816
0.130511 0.655430 0.167222 0.038422 0.054230
0.183983 0.704118 0.284380 0.127242 0.167834
0.314879 0.749613 0.320324 0.278981 0.326961
0.317460 0.732889 0.228599 0.147676 0.195628
0.100629 0.627239 0.434121 0.053490 0.073665
0.100629 0.631449 0.434121 0.058823 0.073665
0.090260 0.669129 0.190790 0.032509 0.041955
0.068425 0.658145 0.392069 0.045993 0.062296
0.166667 0.686847 0.259528 0.011356 0.018887
0.000000 0.000000 0.250000 0.000000 0.000000
0.135135 0.714575 0.484940 0.066835 0.078603
0.084487 0.646203 0.289295 0.021323 0.034013
0.048964 0.697520 0.435196 0.037160 0.050387
0.259016 0.715259 0.279973 0.163023 0.207684
0.238434 0.683701 0.227508 0.032657 0.047916
0.159705 0.630129 0.249242 0.044439 0.061454
0.272025 0.725259 0.348041 0.132056 0.190557
0.242009 0.691542 0.201267 0.068897 0.091346
0.225256 0.664780 0.176646 0.010953 0.016132
0.219925 0.665297 0.220946 0.056890 0.077994
0.133101 0.666707 0.205410 0.010105 0.014740
0.213043 0.715096 0.360143 0.057050 0.087353
0.218143 0.713610 0.360143 0.057050 0.087353
0.218143 0.713017 0.360143 0.057050 0.087353
0.218143 0.715417 0.360143 0.057050 0.087353
0.210066 0.707677 0.360143 0.057050 0.087353
0.221505 0.717624 0.360143 0.061028 0.087353
0.226496 0.716120 0.360143 0.061028 0.087353
0.226496 0.715018 0.360143 0.061028 0.087353
0.226496 0.718216 0.360143 0.061028 0.087353
0.216450 0.711881 0.360143 0.061028 0.087353
0.216891 0.710945 0.280656 0.061028 0.087353
0.206759 0.683718 0.212191 0.011341 0.019127
0.171315 0.702160 0.236105 0.005668 0.007965
0.221519 0.708359 0.280656 0.061028 0.087353
0.166333 0.693208 0.236105 0.005668 0.007965
0.219873 0.710113 0.280656 0.061028 0.087353
0.162651 0.691652 0.236105 0.005668 0.007965
0.213220 0.710261 0.280656 0.061028 0.087353
0.159274 0.692745 0.236105 0.005668 0.007965
0.207877 0.705020 0.360143 0.061028 0.087353
0.191288 0.682684 0.186501 0.006158 0.007761
0.150515 0.676600 0.236105 0.005668 0.007965
0.158436 0.682251 0.236105 0.005668 0.007965
0.150206 0.682173 0.236105 0.005668 0.007965
0.213043 0.708816 0.360143 0.061028 0.087353
0.217095 0.668061 0.171741 0.061678 0.092367
0.165333 0.708527 0.297491 0.010979 0.023394
0.126126 0.663860 0.433567 0.072351 0.099293
0.085650 0.710624 0.272157 0.042393 0.063076
0.217095 0.668110 0.171741 0.061678 0.092367
0.165333 0.708527 0.297491 0.010979 0.023394
0.126126 0.663860 0.433567 0.072351 0.099293
0.085567 0.710917 0.272157 0.042393 0.063076
0.217852 0.667804 0.171741 0.061678 0.092367
0.165333 0.708527 0.297491 0.010979 0.023394
0.126126 0.663860 0.433567 0.072351 0.099293
0.085900 0.711653 0.272157 0.042393 0.063076
0.217095 0.668247 0.171741 0.061678 0.092367
0.165333 0.708527 0.297491 0.010979 0.023394
0.126126 0.663860 0.433567 0.072351 0.099293
0.085733 0.712381 0.272157 0.042393 0.063076
0.097175 0.607923 0.418712 0.047953 0.062239
0.115349 0.637194 0.275728 0.033652 0.053057
0.217095 0.667888 0.171741 0.061678 0.092367
0.165333 0.708527 0.297491 0.010979 0.023394
0.126126 0.663860 0.433567 0.072351 0.099293
0.085733 0.712261 0.272157 0.042393 0.063076
0.217852 0.668001 0.171741 0.061678 0.092367
0.165333 0.708527 0.297491 0.010979 0.023394
0.126126 0.663860 0.433567 0.072351 0.099293
0.085650 0.710897 0.272157 0.042393 0.063076
0.217095 0.667978 0.171741 0.061678 0.092367
0.165333 0.708527 0.297491 0.010979 0.023394
0.126126 0.663860 0.433567 0.072351 0.099293
0.085733 0.711020 0.272157 0.042393 0.063076
0.217095 0.667542 0.171741 0.061678 0.092367
0.165333 0.708527 0.297491 0.010979 0.023394
0.126126 0.663860 0.433567 0.072351 0.099293
0.085817 0.711369 0.272157 0.042393 0.063076
0.123804 0.669957 0.224803 0.032400 0.051103
0.217095 0.667555 0.171741 0.061678 0.092367
0.165333 0.708527 0.297491 0.010979 0.023394
0.126126 0.663860 0.433567 0.072351 0.099293
0.085650 0.711945 0.272157 0.042393 0.063076
0.124074 0.668001 0.226721 0.032400 0.051386
0.217852 0.667969 0.171741 0.061678 0.092367
0.165333 0.708527 0.297491 0.010979 0.023394
0.126126 0.663860 0.433567 0.072351 0.099293
0.085817 0.711071 0.272157 0.042393 0.063076
0.217095 0.668251 0.171741 0.061678 0.092367
0.165333 0.708527 0.297491 0.010979 0.023394
0.126126 0.663860 0.433567 0.072351 0.099293
0.085733 0.711304 0.272157 0.042393 0.063076
0.217095 0.667714 0.171741 0.061678 0.092367
0.165333 0.708527 0.297491 0.010979 0.023394
0.126126 0.663860 0.433567 0.072351 0.099293
0.085733 0.711375 0.272157 0.042393 0.063076
0.217095 0.667698 0.171741 0.061678 0.092367
0.165333 0.708527 0.297491 0.010979 0.023394
0.126126 0.663860 0.433567 0.072351 0.099293
0.085733 0.710574 0.272157 0.042393 0.063076
0.124074 0.667977 0.226721 0.032400 0.051386
0.145334 0.719169 0.191384 0.080061 0.106462
0.187365 0.733571 0.283684 0.108336 0.138004
0.136558 0.727014 0.343316 0.099715 0.122334
0.000000 0.000000 0.250000 0.000000 0.000000
0.088250 0.754101 0.264043 0.057189 0.067373
0.128224 0.642875 0.164414 0.030062 0.039591
0.094085 0.704482 0.263720 0.052103 0.062982
0.000000 0.000000 0.250000 0.000000 0.000000
0.000000 0.000000 0.250000 0.000000 0.000000
0.177626 0.775587 0.205974 0.124341 0.149371
0.246283 0.772784 0.203358 0.181745 0.214404
0.184578 0.771622 0.341286 0.143863 0.168880
0.227356 0.800142 0.281432 0.176682 0.204557
0.000000 0.000000 0.250000 0.000000 0.000000
0.070434 0.683360 0.173759 0.026313 0.035374
0.097388 0.737719 0.276422 0.070142 0.086242
0.214145 0.788463 0.284405 0.167914 0.194815
0.145275 0.719145 0.191384 0.080061 0.106462
0.184820 0.732288 0.282217 0.107166 0.136661
0.137009 0.727993 0.343316 0.099715 0.122334
0.000000 0.000000 0.250000 0.000000 0.000000
0.070289 0.683624 0.173759 0.026313 0.035374
0.097507 0.736955 0.276422 0.070142 0.086242
0.214145 0.787287 0.284405 0.167914 0.194815
0.000000 0.000000 0.250000 0.000000 0.000000
0.089466 0.754962 0.264046 0.057189 0.067373
0.128224 0.642988 0.164414 0.030062 0.039591
0.093688 0.703222 0.263720 0.052103 0.062982
0.000000 0.000000 0.250000 0.000000 0.000000
0.000000 0.000000 0.250000 0.000000 0.000000
0.000000 0.000000 0.250000 0.000000 0.000000
0.000000 0.000000 0.250000 0.000000 0.000000
0.000000 0.000000 0.250000 0.000000 0.000000
0.179039 0.773560 0.204217 0.123329 0.148214
0.244277 0.773811 0.202742 0.181102 0.213652
0.184337 0.771042 0.341286 0.143863 0.168880
0.225326 0.798808 0.282414 0.177521 0.205506
0.204188 0.717463 0.335929 0.102112 0.135312
0.000000 0.000000 0.250000 0.000000 0.000000
0.000000 0.000000 0.250000 0.000000 0.000000
0.000000 0.000000 0.250000 0.000000 0.000000
0.138600 0.717555 0.174795 0.033714 0.042242
0.000000 0.000000 0.250000 0.000000 0.000000
0.000000 0.000000 0.250000 0.000000 0.000000
0.000000 0.000000 0.250000 0.000000 0.000000
0.000000 0.000000 0.250000 0.000000 0.000000
0.041653 0.706458 0.243199 0.014064 0.021601
0.000000 0.000000 0.250000 0.000000 0.000000
0.000000 0.000000 0.250000 0.000000 0.000000
0.000000 0.000000 0.250000 0.000000 0.000000
0.073738 0.617605 0.159904 0.006659 0.011365
0.294083 0.685249 0.134508 0.024095 0.041227
0.000000 0.000000 0.250000 0.000000 0.000000
0.000000 0.000000 0.250000 0.000000 0.000000
0.000000 0.000000 0.250000 0.000000 0.000000
0.000000 0.000000 0.250000 0.000000 0.000000
0.000000 0.000000 0.250000 0.000000 0.000000
0.138600 0.717555 0.174795 0.033714 0.042242
0.000000 0.000000 0.250000 0.000000 0.000000
0.000000 0.000000 0.250000 0.000000 0.000000
0.000000 0.000000 0.250000 0.000000 0.000000
0.000000 0.000000 0.250000 0.000000 0.000000
0.041653 0.705606 0.243199 0.014064 0.021601
0.000000 0.000000 0.250000 0.000000 0.000000
0.000000 0.000000 0.250000 0.000000 0.000000
0.000000 0.000000 0.250000 0.000000 0.000000
0.073738 0.618343 0.159904 0.006659 0.011365
0.294083 0.684108 0.134508 0.024095 0.041227
0.000000 0.000000 0.250000 0.000000 0.000000
0.000000 0.000000 0.250000 0.000000 0.000000
0.000000 0.000000 0.250000 0.000000 0.000000
0.000000 0.000000 0.250000 0.000000 0.000000
0.000000 0.000000 0.250000 0.000000 0.000000
0.138600 0.717555 0.174795 0.033714 0.042242
0.000000 0.000000 0.250000 0.000000 0.000000
0.000000 0.000000 0.250000 0.000000 0.000000
0.000000 0.000000 0.250000 0.000000 0.000000
0.000000 0.000000 0.250000 0.000000 0.000000
0.041653 0.705700 0.243199 0.014064 0.021601
0.000000 0.000000 0.250000 0.000000 0.000000
0.000000 0.000000 0.250000 0.000000 0.000000
0.000000 0.000000 0.250000 0.000000 0.000000
0.073134 0.620189 0.159904 0.006659 0.011365
0.293986 0.684971 0.134508 0.024095 0.041227
0.000000 0.000000 0.250000 0.000000 0.000000
0.000000 0.000000 0.250000 0.000000 0.000000
0.180023 0.798952 0.398005 0.150986 0.166343
0.000000 0.000000 0.250000 0.000000 0.000000
0.055100 0.595250 0.255718 0.005144 0.006937
0.000000 0.000000 0.250000 0.000000 0.000000
0.000000 0.000000 0.250000 0.000000 0.000000
0.000000 0.000000 0.250000 0.000000 0.000000
0.000000 0.000000 0.250000 0.000000 0.000000
0.000000 0.000000 0.250000 0.000000 0.000000
0.197775 0.665126 0.226728 0.030368 0.043861
0.000000 0.000000 0.250000 0.000000 0.000000
0.000000 0.000000 0.250000 0.000000 0.000000
0.041215 0.590310 0.328759 0.012256 0.017445
0.059931 0.678227 0.226362 0.019269 0.028533
0.144963 0.711323 0.244920 0.038328 0.054395
0.036730 0.608210 0.149044 0.006115 0.008959
0.036730 0.608215 0.149044 0.006115 0.008959
0.036730 0.607242 0.149044 0.006115 0.008959
0.000000 0.000000 0.250000 0.000000 0.000000
0.000000 0.000000 0.250000 0.000000 0.000000
0.000000 0.000000 0.250000 0.000000 0.000000
0.000000 0.000000 0.250000 0.000000 0.000000
0.000000 0.000000 0.250000 0.000000 0.000000
0.160457 0.776572 0.367650 0.133786 0.159576
0.000000 0.000000 0.250000 0.000000 0.000000
0.131351 0.624357 0.122916 0.026200 0.043403
0.000000 0.000000 0.250000 0.000000 0.000000
0.000000 0.000000 0.250000 0.000000 0.000000
0.000000 0.000000 0.250000 0.000000 0.000000
0.000000 0.000000 0.250000 0.000000 0.000000
0.000000 0.000000 0.250000 0.000000 0.000000
0.000000 0.000000 0.250000 0.000000 0.000000
0.000000 0.000000 0.250000 0.000000 0.000000
0.063397 0.717321 0.247695 0.026250 0.034864
0.000000 0.000000 0.250000 0.000000 0.000000
0.056376 0.730901 0.341258 0.043658 0.056902
0.000000 0.000000 0.250000 0.000000 0.000000
0.000000 0.000000 0.250000 0.000000 0.000000
0.000000 0.000000 0.250000 0.000000 0.000000
0.000000 0.000000 0.250000 0.000000 0.000000
0.000000 0.000000 0.250000 0.000000 0.000000
0.117284 0.626565 0.152102 0.011262 0.021162
0.125386 0.747902 0.205185 0.077515 0.090987
0.205125 0.739463 0.182750 0.140206 0.177498
0.160515 0.717331 0.255572 0.092495 0.125047
0.000000 0.000000 0.250000 0.000000 0.000000
0.000000 0.000000 0.250000 0.000000 0.000000
0.000000 0.000000 0.250000 0.000000 0.000000
0.000000 0.000000 0.250000 0.000000 0.000000
0.000000 0.000000 0.250000 0.000000 0.000000
0.000000 0.000000 0.250000 0.000000 0.000000
0.000000 0.000000 0.250000 0.000000 0.000000
0.000000 0.000000 0.250000 0.000000 0.000000
0.000000 0.000000 0.250000 0.000000 0.000000
0.000000 0.000000 0.250000 0.000000 0.000000
0.000000 0.000000 0.250000 0.000000 0.000000
0.187719 0.687672 0.184734 0.053003 0.074782
0.152141 0.662459 0.275212 0.082165 0.107892
0.176944 0.691563 0.295245 0.042644 0.066343
0.045869 0.606308 0.255483 0.008768 0.013842
0.045137 0.589759 0.288729 0.008294 0.013340
0.126298 0.659116 0.144229 0.035853 0.050536
0.108761 0.681916 0.435009 0.044979 0.071527
0.101562 0.620287 0.269501 0.006143 0.011613
0.103839 0.612521 0.276161 0.015919 0.032206
0.131081 0.661657 0.260431 0.023920 0.034759
0.138462 0.657731 0.281145 0.022019 0.033070
0.066880 0.617177 0.219601 0.014999 0.021814
0.122340 0.664194 0.210089 0.033936 0.053256
0.244080 0.690984 0.166248 0.018620 0.028728
0.207904 0.664050 0.295390 0.037381 0.053882
0.191558 0.647336 0.252259 0.011767 0.017865
0.121411 0.663028 0.348970 0.028651 0.040524
0.119213 0.652630 0.329993 0.013456 0.017684
0.112500 0.644102 0.363129 0.032401 0.041879
0.153660 0.727204 0.353827 0.061987 0.082749
0.169854 0.693530 0.317874 0.045340 0.060601
0.140409 0.644891 0.256941 0.021738 0.033976
0.088805 0.614192 0.307277 0.019026 0.028410
0.224994 0.714601 0.250363 0.111677 0.148301
0.000000 0.000000 0.250000 0.000000 0.000000
0.000000 0.000000 0.250000 0.000000 0.000000
0.000000 0.000000 0.250000 0.000000 0.000000
0.000000 0.000000 0.250000 0.000000 0.000000
0.118487 0.716607 0.237496 0.036940 0.049891
0.000000 0.000000 0.250000 0.000000 0.000000
0.000000 0.000000 0.250000 0.000000 0.000000
0.000000 0.000000 0.250000 0.000000 0.000000
0.000000 0.000000 0.250000 0.000000 0.000000
0.000000 0.000000 0.250000 0.000000 0.000000
0.000000 0.000000 0.250000 0.000000 0.000000
0.000000 0.000000 0.250000 0.000000 0.000000
0.235131 0.691490 0.272094 0.034554 0.056551
0.000000 0.000000 0.250000 0.000000 0.000000
0.000000 0.000000 0.250000 0.000000 0.000000
0.000000 0.000000 0.250000 0.000000 0.000000
0.000000 0.000000 0.250000 0.000000 0.000000
0.000000 0.000000 0.250000 0.000000 0.000000
0.000000 0.000000 0.250000 0.000000 0.000000
0.000000 0.000000 0.250000 0.000000 0.000000
0.000000 0.000000 0.250000 0.000000 0.000000
0.000000 0.000000 0.250000 0.000000 0.000000
0.000000 0.000000 0.250000 0.000000 0.000000
0.000000 0.000000 0.250000 0.000000 0.000000
0.000000 0.000000 0.250000 0.000000 0.000000
0.000000 0.000000 0.250000 0.000000 0.000000
0.000000 0.000000 0.250000 0.000000 0.000000
0.000000 0.000000 0.250000 0.000000 0.000000
0.000000 0.000000 0.250000 0.000000 0.000000
0.000000 0.000000 0.250000 0.000000 0.000000
0.000000 0.000000 0.250000 0.000000 0.000000
0.000000 0.000000 0.250000 0.000000 0.000000
0.242830 0.719213 0.200356 0.023353 0.047718
0.161685 0.627938 0.121321 0.007638 0.013218
0.185464 0.688827 0.259046 0.014200 0.018912
0.233333 0.678229 0.247205 0.040673 0.064003
0.204539 0.705840 0.132070 0.028604 0.050552
0.000000 0.000000 0.250000 0.000000 0.000000
0.118387 0.715017 0.237499 0.036693 0.049531
0.116114 0.653911 0.264596 0.008710 0.015392
0.157248 0.680320 0.261343 0.008242 0.019579
0.116114 0.653911 0.264596 0.008710 0.015392
0.157248 0.680320 0.261343 0.008242 0.019579
0.083890 0.674533 0.251820 0.026898 0.036351
0.107417 0.620485 0.224733 0.009251 0.012100
0.078707 0.675271 0.253809 0.016361 0.020194
0.159154 0.735075 0.217093 0.038118 0.045951
0.124171 0.660468 0.327438 0.065048 0.086250
0.076374 0.608261 0.171303 0.005640 0.007255
0.069568 0.674295 0.268391 0.012658 0.015638
0.152288 0.735473 0.197118 0.037829 0.045341
0.124171 0.660468 0.327438 0.065048 0.086250
0.022899 0.639516 0.364376 0.014748 0.021202
0.098403 0.731751 0.283401 0.075402 0.098461
0.178516 0.728887 0.279620 0.109231 0.142988
0.142617 0.683002 0.224066 0.049688 0.074389
0.000000 0.000000 0.250000 0.000000 0.000000
0.000000 0.000000 0.250000 0.000000 0.000000
0.011446 0.610070 0.223372 0.001350 0.001932
0.217753 0.645247 0.185777 0.015320 0.023375
0.107417 0.620941 0.224733 0.009251 0.012100
0.078707 0.674995 0.253809 0.016361 0.020194
0.158807 0.734981 0.217093 0.038118 0.045951
0.124171 0.660468 0.327438 0.065048 0.086250
0.076923 0.610222 0.171303 0.005640 0.007255
0.069568 0.674787 0.268391 0.012658 0.015638
0.152614 0.735810 0.197118 0.037829 0.045341
0.124171 0.660468 0.327438 0.065048 0.086250
0.000000 0.000000 0.250000 0.000000 0.000000
0.000000 0.000000 0.250000 0.000000 0.000000
0.120812 0.724267 0.197418 0.050248 0.070995
0.000000 0.000000 0.250000 0.000000 0.000000
0.000000 0.000000 0.250000 0.000000 0.000000
0.000000 0.000000 0.250000 0.000000 0.000000
0.000000 0.000000 0.250000 0.000000 0.000000
0.000000 0.000000 0.250000 0.000000 0.000000
0.000000 0.000000 0.250000 0.000000 0.000000
0.133887 0.678446 0.219084 0.069312 0.084631
0.000000 0.000000 0.250000 0.000000 0.000000
0.000000 0.000000 0.250000 0.000000 0.000000
0.000000 0.000000 0.250000 0.000000 0.000000
0.000000 0.000000 0.250000 0.000000 0.000000
0.127976 0.644346 0.284870 0.016539 0.023313
0.183024 0.666039 0.256026 0.005562 0.009781
0.216336 0.704492 0.162871 0.033736 0.049665
0.166667 0.677176 0.417243 0.053490 0.073665
0.250000 0.698870 0.258144 0.032203 0.050913
0.041868 0.661917 0.252355 0.016537 0.025264
0.127976 0.644346 0.284870 0.016539 0.023313
0.183024 0.666039 0.256026 0.005562 0.009781
0.216336 0.704492 0.162871 0.033736 0.049665
0.166667 0.677176 0.417243 0.053490 0.073665
0.250000 0.698870 0.258144 0.032203 0.050913
0.000000 0.000000 0.250000 0.000000 0.000000
0.161765 0.703403 0.308509 0.050983 0.067509
0.107417 0.621515 0.224733 0.009251 0.012100
0.078707 0.673289 0.253809 0.016361 0.020194
0.158807 0.735877 0.217093 0.038118 0.045951
0.124171 0.660468 0.327438 0.065048 0.086250
0.076374 0.610429 0.171303 0.005640 0.007255
0.069261 0.674224 0.268391 0.012658 0.015638
0.152288 0.735763 0.197118 0.037829 0.045341
0.124171 0.660468 0.327438 0.065048 0.086250
0.174419 0.649384 0.198813 0.014161 0.025608
0.190211 0.682383 0.312472 0.089304 0.118811
0.116667 0.622699 0.288579 0.035606 0.048494
0.123595 0.622672 0.238516 0.016962 0.021986
0.139361 0.676997 0.117802 0.057773 0.076547
0.205240 0.712610 0.322298 0.079454 0.104485
0.169231 0.683748 0.287899 0.020947 0.043195
0.056621 0.663435 0.210453 0.007789 0.012242
0.078886 0.612625 0.248728 0.025851 0.036305
0.223636 0.677476 0.235479 0.033524 0.062661
0.114525 0.671783 0.348635 0.011700 0.017775
0.209830 0.667818 0.145302 0.009737 0.014578
0.209830 0.667590 0.145302 0.009737 0.014578
0.192790 0.658879 0.096089 0.003338 0.008753
0.197133 0.711473 0.087849 0.022194 0.031575
0.157095 0.656464 0.074670 0.002277 0.004258
0.102320 0.682796 0.046654 0.006421 0.014273
0.070527 0.680379 0.147349 0.004150 0.010056
0.169336 0.670372 0.201573 0.005707 0.012106
0.095916 0.671562 0.044068 0.003710 0.008711
0.265773 0.710824 0.155565 0.085871 0.122862
0.073073 0.701939 0.189663 0.026982 0.041439
0.136150 0.668660 0.175872 0.048015 0.068202
0.140644 0.639698 0.264290 0.012007 0.015312
0.234153 0.685013 0.107655 0.038731 0.053301
0.153027 0.695868 0.098392 0.043708 0.068431
0.150685 0.628223 0.256815 0.024736 0.041825
0.187124 0.681391 0.125253 0.043391 0.068533
0.232355 0.699187 0.141279 0.068933 0.096613
0.193400 0.664517 0.280801 0.056723 0.086181
0.132083 0.685463 0.314428 0.052108 0.068031
0.140292 0.689676 0.300080 0.052513 0.071222
0.215962 0.690520 0.132299 0.078368 0.122049
0.231595 0.696577 0.193602 0.065312 0.096490
0.192844 0.681345 0.154712 0.049805 0.068018
0.215239 0.675703 0.073754 0.020133 0.033227
0.214580 0.697754 0.152842 0.090386 0.123649
0.213205 0.698565 0.152842 0.090386 0.123649
0.207661 0.683013 0.306128 0.118853 0.156549
0.207661 0.681523 0.306128 0.118853 0.156549
0.108014 0.641520 0.202264 0.030029 0.046536
0.198187 0.661659 0.179221 0.037244 0.059911
0.200474 0.693294 0.188041 0.040571 0.061546
0.140000 0.654741 0.263807 0.016592 0.026033
0.032849 0.676512 0.251338 0.006102 0.008613
0.073252 0.652573 0.281980 0.008619 0.011605
0.158621 0.667737 0.147095 0.046922 0.062948
0.000000 0.000000 0.250000 0.000000 0.000000
0.147059 0.668239 0.223546 0.008377 0.013768
0.174312 0.671183 0.228079 0.034852 0.046642
0.217105 0.654297 0.065554 0.005144 0.009227
0.182207 0.656120 0.143544 0.028853 0.041854
0.146580 0.660436 0.330688 0.027396 0.035343
0.111064 0.655201 0.191693 0.032864 0.047959
0.133033 0.598409 0.181412 0.002348 0.003864
0.134921 0.691028 0.285805 0.009649 0.018220
0.164557 0.658040 0.079033 0.004460 0.009277
0.087971 0.619378 0.387827 0.006464 0.012284
0.262535 0.741525 0.126642 0.059674 0.075909
0.132037 0.610605 0.255449 0.029955 0.045977
0.075320 0.658855 0.412194 0.037480 0.061505
0.088235 0.675420 0.355697 0.059645 0.086037
0.056444 0.671947 0.223124 0.015728 0.025164
0.056351 0.698389 0.175315 0.028425 0.034790
0.200330 0.703384 0.247469 0.120611 0.165890
0.115361 0.643632 0.114706 0.027724 0.040687
0.200924 0.718393 0.167330 0.050316 0.063960
0.203233 0.727308 0.167330 0.050316 0.063960
0.175309 0.686039 0.293812 0.016252 0.020820
0.142500 0.672216 0.292835 0.029816 0.039152
0.117209 0.666428 0.398909 0.069592 0.094789
0.114878 0.654382 0.272354 0.033239 0.042833
0.191558 0.676141 0.274583 0.052492 0.070549
0.181152 0.721070 0.383595 0.132503 0.160643
0.173868 0.720497 0.394186 0.121494 0.147528
0.231321 0.785640 0.287158 0.172959 0.207573
0.111685 0.656981 0.224541 0.052970 0.071565
0.183556 0.673695 0.208581 0.088246 0.119328
0.184691 0.690959 0.227267 0.084292 0.115333
0.165143 0.693775 0.284734 0.069324 0.085420
0.190269 0.679326 0.290468 0.093631 0.120736
0.000000 0.000000 0.250000 0.000000 0.000000
0.000000 0.000000 0.250000 0.000000 0.000000
0.000000 0.000000 0.250000 0.000000 0.000000
0.075320 0.658744 0.412194 0.037480 0.061505
0.088235 0.676422 0.355697 0.059645 0.086037
0.057050 0.672975 0.223124 0.015728 0.025164
0.056351 0.697997 0.175315 0.028413 0.034790
0.200330 0.703360 0.247469 0.120611 0.165890
0.115361 0.643299 0.114706 0.027724 0.040687
0.200924 0.718393 0.167330 0.050316 0.063960
0.203233 0.727308 0.167330 0.050316 0.063960
0.175309 0.686039 0.293812 0.016252 0.020820
0.142500 0.672884 0.292835 0.029816 0.039152
0.117209 0.666907 0.398909 0.069592 0.094789
0.114878 0.654451 0.272354 0.033239 0.042833
0.191558 0.676141 0.274583 0.052492 0.070549
0.181152 0.720982 0.383595 0.132503 0.160643
0.173868 0.718834 0.394186 0.121494 0.147528
0.231743 0.785681 0.287158 0.172959 0.207573
0.111685 0.657221 0.224541 0.052970 0.071565
0.183556 0.673892 0.208581 0.088246 0.119328
0.184691 0.690863 0.227267 0.084292 0.115333
0.165143 0.692716 0.284734 0.069324 0.085420
0.190269 0.679643 0.290468 0.093631 0.120736
0.000000 0.000000 0.250000 0.000000 0.000000
0.000000 0.000000 0.250000 0.000000 0.000000
0.000000 0.000000 0.250000 0.000000 0.000000
0.075320 0.657930 0.412194 0.037480 0.061505
0.088235 0.676207 0.355697 0.059645 0.086037
0.056444 0.671172 0.223470 0.015930 0.025472
0.056351 0.698021 0.175315 0.028413 0.034790
0.200330 0.703909 0.247469 0.120611 0.165890
0.115361 0.644117 0.114706 0.027724 0.040687
0.200924 0.718393 0.167330 0.050316 0.063960
0.203233 0.727308 0.167330 0.050316 0.063960
0.175309 0.686039 0.293812 0.016252 0.020820
0.142500 0.672858 0.292835 0.029816 0.039152
0.117209 0.668011 0.398909 0.069592 0.094789
0.114878 0.655283 0.272354 0.033239 0.042833
0.191558 0.676141 0.274583 0.052492 0.070549
0.181152 0.720991 0.383595 0.132503 0.160643
0.173868 0.721740 0.394186 0.121494 0.147528
0.231743 0.785742 0.287158 0.172959 0.207573
0.111685 0.657155 0.224541 0.052970 0.071565
0.183556 0.673864 0.208581 0.088246 0.119328
0.184691 0.691367 0.227267 0.084292 0.115333
0.165143 0.692599 0.284734 0.069324 0.085420
0.190269 0.679848 0.290468 0.093631 0.120736
0.000000 0.000000 0.250000 0.000000 0.000000
0.000000 0.000000 0.250000 0.000000 0.000000
0.000000 0.000000 0.250000 0.000000 0.000000
0.075320 0.658237 0.412194 0.037480 0.061505
0.088235 0.676587 0.355697 0.059645 0.086037
0.056444 0.672053 0.223124 0.015728 0.025164
0.056351 0.698729 0.175315 0.028425 0.034790
0.200330 0.704042 0.247469 0.120611 0.165890
0.115361 0.643710 0.114706 0.027724 0.040687
0.200924 0.718393 0.167330 0.050316 0.063960
0.203233 0.727308 0.167330 0.050316 0.063960
0.175309 0.686039 0.293812 0.016252 0.020820
0.142500 0.673863 0.292835 0.029816 0.039152
0.117209 0.666738 0.398909 0.069592 0.094789
0.114878 0.655714 0.272354 0.033239 0.042833
0.191558 0.676141 0.274583 0.052492 0.070549
0.181152 0.721218 0.383595 0.132503 0.160643
0.173868 0.721089 0.394186 0.121494 0.147528
0.231743 0.785554 0.287158 0.172959 0.207573
0.111685 0.656702 0.224541 0.052970 0.071565
0.183556 0.674230 0.208581 0.088246 0.119328
0.184691 0.690846 0.227267 0.084292 0.115333
0.165143 0.693058 0.284734 0.069324 0.085420
0.190269 0.679624 0.290468 0.093631 0.120736
0.000000 0.000000 0.250000 0.000000 0.000000
0.000000 0.000000 0.250000 0.000000 0.000000
0.000000 0.000000 0.250000 0.000000 0.000000
0.075320 0.657401 0.412194 0.037480 0.061505
0.088235 0.675963 0.355697 0.059645 0.086037
0.056444 0.673823 0.223124 0.015728 0.025164
0.056351 0.700517 0.175315 0.028425 0.034790
0.200330 0.702808 0.247469 0.120611 0.165890
0.115361 0.644072 0.114706 0.027724 0.040687
0.200924 0.718393 0.167330 0.050316 0.063960
0.203233 0.727308 0.167330 0.050316 0.063960
0.175309 0.686039 0.293812 0.016252 0.020820
0.142500 0.672330 0.292835 0.029816 0.039152
0.117209 0.668575 0.398909 0.069592 0.094789
0.114878 0.655002 0.272354 0.033239 0.042833
0.191558 0.676141 0.274583 0.052492 0.070549
0.181152 0.721631 0.383595 0.132503 0.160643
0.173868 0.719885 0.394186 0.121494 0.147528
0.231743 0.786443 0.287158 0.172959 0.207573
0.111685 0.657470 0.224541 0.052970 0.071565
0.183556 0.673856 0.208581 0.088246 0.119328
0.184691 0.690567 0.227267 0.084292 0.115333
0.165143 0.694025 0.284734 0.069324 0.085420
0.190269 0.679370 0.290468 0.093631 0.120736
0.000000 0.000000 0.250000 0.000000 0.000000
0.000000 0.000000 0.250000 0.000000 0.000000
0.000000 0.000000 0.250000 0.000000 0.000000
AVERAGE 0.120252 0.556351 0.249921 0.038564 0.052245
