0 0 0.157856 0 0 0 0 0 0 0 0
0 0 0.157122 0 0 0 0 0 0 0 0
0 0 0.157122 0 0 0 0 0 0 0 0
0 0 0 0 0 0 0 0 0 0 0
0 0 0.166026 0 0 0 0 0 0 0 0
0 0 0.157714 0 0 0 0 0 0 0 0
0 0 0.162471 0 0 0 0 0 0 0 0
1 0 0.199662 0 0 0 0 9.17 5.24 100 0
0 0 0.156028 0 0 0 0 0 0 0 0
0 0 0.0512518 0 0 0 0 0 0 0 0
0 0 0.0511994 0 0 0 0 0 0 0 0
0 0 0.11567 0 0 0 0 0 0 0 0
0 0 0.249412 0 0 0 0 0 0 0 0
0 0 0.163565 0 0 0 0 0 0 0 0
0 0 0.156987 0 0 0 0 0 0 0 0
0 0 0.191886 0 0 0 0 0 0 0 0
0 0 0.0852762 0 0 0 0 0 0 0 0
0 0 0.145585 0 0 0 0 0 0 0 0
1 0 0.186992 0 0 0 0 10.03 5.67 37.5 0
0 0 0 0 0 0 0 0 0 0 0
0 0 0 0 0 0 0 0 0 0 0
0 0 0.0983693 0 0 0 0 0 0 0 0
0 0 0.118017 0 0 0 0 0 0 0 0
0 0 0.0914166 0 0 0 0 0 0 0 0
1 1 0.112994 0 0 0 0 12.55 7.79 100 0
1 0 0.110803 0 0 0 0 12.22 7.33 100 0
0 0 0.152432 0 0 0 0 0 0 0 0
0 0 0.186495 0 0 0 0 0 0 0 0
0 0 0.228009 0 0 0 0 0 0 0 0
1 0 0.199336 0 0 0 0 13.08 8.13 100 0
1 0 0.207921 0 0 0 0 13.35 9.11 100 0
0 0 0.149383 0 0 0 0 0 0 0 0
0 0 0.127025 0 0 0 0 0 0 0 0
0 0 0.180254 0 0 0 0 0 0 0 0
0 0 0.221292 0 0 0 0 0 0 0 0
0 0 0.168067 0 0 0 0 0 0 0 0
0 0 0 0 0 0 0 0 0 0 0
0 0 0.0613079 0 0 0 0 0 0 0 0
0 0 0.150611 0 0 0 0 0 0 0 0
0 0 0.00849009 0 0 0 0 0 0 0 0
0 0 0.136997 0 0 0 0 0 0 0 0
0 0 0.046136 0 0 0 0 0 0 0 0
0 0 0.216061 0 0 0 0 0 0 0 0
0 0 0.268966 0 0 0 0 0 0 0 0
0 0 0.191564 0 0 0 0 0 0 0 0
0 0 0.169435 0 0 0 0 0 0 0 0
0 0 0.139315 0 0 0 0 0 0 0 0
0 0 0.13728 0 0 0 0 0 0 0 0
0 0 0.112712 0 0 0 0 0 0 0 0
0 0 0.11828 0 0 0 0 0 0 0 0
0 0 0.170051 0 0 0 0 0 0 0 0
0 0 0.167513 0 0 0 0 0 0 0 0
0 0 0.183794 0 0 0 0 0 0 0 0
0 0 0.218472 0 0 0 0 0 0 0 0
0 0 0.119532 0 0 0 0 0 0 0 0
0 0 0.151042 0 0 0 0 0 0 0 0
0 0 0.104545 0 0 0 0 0 0 0 0
0 0 0.151383 0 0 0 0 0 0 0 0
0 0 0.0847161 0 0 0 0 0 0 0 0
0 0 0.165919 0 0 0 0 0 0 0 0
0 0 0.177326 0 0 0 0 0 0 0 0
0 0 0.182081 0 0 0 0 0 0 0 0
0 0 0.146628 0 0 0 0 0 0 0 0
0 0 0.143695 0 0 0 0 0 0 0 0
0 0 0.114943 0 0 0 0 0 0 0 0
0 0 0.0994152 0 0 0 0 0 0 0 0
0 0 0.268775 0 0 0 0 0 0 0 0
0 0 0.152047 0 0 0 0 0 0 0 0
0 0 0.148936 0 0 0 0 0 0 0 0
0 0 0.230769 0 0 0 0 0 0 0 0
0 0 0.204348 0 0 0 0 0 0 0 0
0 0 0.184433 0 0 0 0 0 0 0 0
0 0 0.183704 0 0 0 0 0 0 0 0
0 0 0.171153 0 0 0 0 0 0 0 0
0 0 0.223087 0 0 0 0 0 0 0 0
0 0 0.22384 0 0 0 0 0 0 0 0
0 0 0.157422 0 0 0 0 0 0 0 0
0 0 0.172992 0 0 0 0 0 0 0 0
0 0 0.195953 0 0 0 0 0 0 0 0
0 0 0.193362 0 0 0 0 0 0 0 0
0 0 0.169319 0 0 0 0 0 0 0 0
0 0 0.15404 0 0 0 0 0 0 0 0
0 0 0.188133 0 0 0 0 0 0 0 0
0 0 0.046136 0 0 0 0 0 0 0 0
0 0 0.213483 0 0 0 0 0 0 0 0
0 0 0.232882 0 0 0 0 0 0 0 0
0 0 0.268966 0 0 0 0 0 0 0 0
0 0 0.191564 0 0 0 0 0 0 0 0
0 0 0.169435 0 0 0 0 0 0 0 0
0 0 0.139571 0 0 0 0 0 0 0 0
0 0 0.13792 0 0 0 0 0 0 0 0
0 0 0.112712 0 0 0 0 0 0 0 0
0 0 0.11828 0 0 0 0 0 0 0 0
0 0 0.170051 0 0 0 0 0 0 0 0
0 0 0.167513 0 0 0 0 0 0 0 0
0 0 0.183794 0 0 0 0 0 0 0 0
0 0 0.218472 0 0 0 0 0 0 0 0
0 0 0.119532 0 0 0 0 0 0 0 0
0 0 0.151042 0 0 0 0 0 0 0 0
0 0 0.104545 0 0 0 0 0 0 0 0
0 0 0.151251 0 0 0 0 0 0 0 0
0 0 0.0847161 0 0 0 0 0 0 0 0
0 0 0.165919 0 0 0 0 0 0 0 0
0 0 0.177326 0 0 0 0 0 0 0 0
0 0 0.182081 0 0 0 0 0 0 0 0
0 0 0.146628 0 0 0 0 0 0 0 0
0 0 0.143695 0 0 0 0 0 0 0 0
0 0 0.114943 0 0 0 0 0 0 0 0
0 0 0.0994152 0 0 0 0 0 0 0 0
0 0 0.268775 0 0 0 0 0 0 0 0
0 0 0.152047 0 0 0 0 0 0 0 0
0 0 0.148936 0 0 0 0 0 0 0 0
0 0 0.230769 0 0 0 0 0 0 0 0
0 0 0.204348 0 0 0 0 0 0 0 0
0 0 0.184433 0 0 0 0 0 0 0 0
0 0 0.183704 0 0 0 0 0 0 0 0
0 0 0.171153 0 0 0 0 0 0 0 0
0 0 0.22179 0 0 0 0 0 0 0 0
0 0 0.22384 0 0 0 0 0 0 0 0
0 0 0.157422 0 0 0 0 0 0 0 0
0 0 0.172992 0 0 0 0 0 0 0 0
0 0 0.194888 0 0 0 0 0 0 0 0
0 0 0.193362 0 0 0 0 0 0 0 0
0 0 0.16907 0 0 0 0 0 0 0 0
0 0 0.15404 0 0 0 0 0 0 0 0
0 0 0.18741 0 0 0 0 0 0 0 0
0 0 0 0 0 0 0 0 0 0 0
0 0 0.0834069 0 0 0 0 0 0 0 0
0 0 0 0 0 0 0 0 0 0 0
0 0 0.220026 0 0 0 0 0 0 0 0
0 0 0.195326 0 0 0 0 0 0 0 0
1 0 0.141907 0 0 0 0 14.62 9.01 100 0
0 0 0.179612 0 0 0 0 0 0 0 0
0 0 0.178439 0 0 0 0 0 0 0 0
0 0 0.250996 0 0 0 0 0 0 0 0
0 0 0.12766 0 0 0 0 0 0 0 0
0 0 0.237179 0 0 0 0 0 0 0 0
0 0 0.228985 0 0 0 0 0 0 0 0
0 0 0.243553 0 0 0 0 0 0 0 0
1 1 0.198966 0 0 0 0 15.04 9.81 100 0
0 0 0.170397 0 0 0 0 0 0 0 0
0 0 0.0954133 0 0 0 0 0 0 0 0
0 0 0.0576549 0 0 0 0 0 0 0 0
0 0 0.0865549 0 0 0 0 0 0 0 0
0 0 0.160902 0 0 0 0 0 0 0 0
1 1 0.223919 0 0 0 0 14.86 9.65 100 0
1 0 0.170872 0 0 0 0 14.73 9.05 75 0
1 0 0.227 0 0 0 0 14.76 9.05 53.85 0
1 0 0.176606 0 0 0 0 14.73 9.05 75 0
0 0 0.187811 0 0 0 0 0 0 0 0
0 0 0.0783353 0 0 0 0 0 0 0 0
0 0 0.115159 0 0 0 0 0 0 0 0
0 0 0.113179 0 0 0 0 0 0 0 0
0 0 0.138725 0 0 0 0 0 0 0 0
0 0 0.216769 0 0 0 0 0 0 0 0
0 0 0.0985916 0 0 0 0 0 0 0 0
0 0 0.0941364 0 0 0 0 0 0 0 0
0 0 0.152755 0 0 0 0 0 0 0 0
0 0 0.115159 0 0 0 0 0 0 0 0
0 0 0.113179 0 0 0 0 0 0 0 0
0 0 0.138725 0 0 0 0 0 0 0 0
0 0 0.216769 0 0 0 0 0 0 0 0
0 0 0.0985916 0 0 0 0 0 0 0 0
0 0 0.0941364 0 0 0 0 0 0 0 0
0 0 0.152755 0 0 0 0 0 0 0 0
0 0 0.115159 0 0 0 0 0 0 0 0
0 0 0.113179 0 0 0 0 0 0 0 0
0 0 0.138725 0 0 0 0 0 0 0 0
0 0 0.216769 0 0 0 0 0 0 0 0
0 0 0.0985916 0 0 0 0 0 0 0 0
0 0 0.0941364 0 0 0 0 0 0 0 0
0 0 0.152755 0 0 0 0 0 0 0 0
0 0 0.115159 0 0 0 0 0 0 0 0
0 0 0.113924 0 0 0 0 0 0 0 0
0 0 0.139315 0 0 0 0 0 0 0 0
0 0 0.216769 0 0 0 0 0 0 0 0
0 0 0.0985916 0 0 0 0 0 0 0 0
0 0 0.0941364 0 0 0 0 0 0 0 0
0 0 0.152755 0 0 0 0 0 0 0 0
0 0 0.116334 0 0 0 0 0 0 0 0
0 0 0.112435 0 0 0 0 0 0 0 0
0 0 0.138725 0 0 0 0 0 0 0 0
0 0 0.216769 0 0 0 0 0 0 0 0
0 0 0.0985916 0 0 0 0 0 0 0 0
0 0 0.0941364 0 0 0 0 0 0 0 0
0 0 0.152755 0 0 0 0 0 0 0 0
0 0 0 0 0 0 0 0 0 0 0
0 0 0.256021 0 0 0 0 0 0 0 0
0 0 0.126186 0 0 0 0 0 0 0 0
0 0 0.265121 0 0 0 0 0 0 0 0
0 0 0.168504 0 0 0 0 0 0 0 0
0 0 0.228507 0 0 0 0 0 0 0 0
0 0 0.10459 0 0 0 0 0 0 0 0
0 0 0.0698413 0 0 0 0 0 0 0 0
0 0 0.120739 0 0 0 0 0 0 0 0
0 0 0.187328 0 0 0 0 0 0 0 0
0 0 0.176 0 0 0 0 0 0 0 0
0 0 0 0 0 0 0 0 0 0 0
0 0 0 0 0 0 0 0 0 0 0
0 0 0.144135 0 0 0 0 0 0 0 0
0 0 0.0759313 0 0 0 0 0 0 0 0
0 0 0.0863454 0 0 0 0 0 0 0 0
0 0 0.0127468 0 0 0 0 0 0 0 0
0 0 0 0 0 0 0 0 0 0 0
0 0 0.0887231 0 0 0 0 0 0 0 0
0 0 0.0841631 0 0 0 0 0 0 0 0
0 0 0.091378 0 0 0 0 0 0 0 0
0 0 0.051282 0 0 0 0 0 0 0 0
0 0 0 0 0 0 0 0 0 0 0
0 0 0 0 0 0 0 0 0 0 0
1 0 0.151678 0 0 0 0 10.79 6.8 100 0
0 0 0.11178 0 0 0 0 0 0 0 0
0 0 0.126579 0 0 0 0 0 0 0 0
0 0 0.0693223 0 0 0 0 0 0 0 0
0 0 0.0661355 0 0 0 0 0 0 0 0
0 0 0.177162 0 0 0 0 0 0 0 0
0 0 0.10278 0 0 0 0 0 0 0 0
0 0 0.159327 0 0 0 0 0 0 0 0
0 0 0.186529 0 0 0 0 0 0 0 0
0 0 0.131206 0 0 0 0 0 0 0 0
0 0 0.138622 0 0 0 0 0 0 0 0
0 0 0.154882 0 0 0 0 0 0 0 0
0 0 0.212824 0 0 0 0 0 0 0 0
1 0 0.148325 0 0 0 0 13.72 8.31 300 0
0 0 0.187592 0 0 0 0 0 0 0 0
0 0 0.173913 0 0 0 0 0 0 0 0
0 0 0.290856 0 0 0 0 0 0 0 0
1 1 0.235054 0 0 0 0 10.87 6.73 100 0
0 0 0.104398 0 0 0 0 0 0 0 0
0 0 0.138047 0 0 0 0 0 0 0 0
0 0 0.187959 0 0 0 0 0 0 0 0
0 0 0.173913 0 0 0 0 0 0 0 0
0 0 0.290856 0 0 0 0 0 0 0 0
1 1 0.235054 0 0 0 0 10.87 6.73 100 0
0 0 0.10522 0 0 0 0 0 0 0 0
0 0 0.138047 0 0 0 0 0 0 0 0
0 0 0.187225 0 0 0 0 0 0 0 0
0 0 0.173913 0 0 0 0 0 0 0 0
0 0 0.290856 0 0 0 0 0 0 0 0
1 1 0.235054 0 0 0 0 10.87 6.73 100 0
0 0 0.104809 0 0 0 0 0 0 0 0
0 0 0.138889 0 0 0 0 0 0 0 0
0 0 0.144458 0 0 0 0 0 0 0 0
0 0 0.0891775 0 0 0 0 0 0 0 0
0 0 0.144458 0 0 0 0 0 0 0 0
0 0 0.0891775 0 0 0 0 0 0 0 0
0 0 0.0882353 0 0 0 0 0 0 0 0
0 0 0.231068 0 0 0 0 0 0 0 0
0 0 0 0 0 0 0 0 0 0 0
0 0 0 0 0 0 0 0 0 0 0
0 0 0.185436 0 0 0 0 0 0 0 0
0 0 0.0659958 0 0 0 0 0 0 0 0
0 0 0.0197397 0 0 0 0 0 0 0 0
0 0 0.0650118 0 0 0 0 0 0 0 0
0 0 0.146269 0 0 0 0 0 0 0 0
0 0 0.09299 0 0 0 0 0 0 0 0
0 0 0.10745 0 0 0 0 0 0 0 0
0 0 0 0 0 0 0 0 0 0 0
0 0 0.105413 0 0 0 0 0 0 0 0
0 0 0 0 0 0 0 0 0 0 0
0 0 0.0758725 0 0 0 0 0 0 0 0
0 0 0.273817 0 0 0 0 0 0 0 0
0 0 0.0197397 0 0 0 0 0 0 0 0
0 0 0.0646178 0 0 0 0 0 0 0 0
0 0 0.146269 0 0 0 0 0 0 0 0
0 0 0.0925131 0 0 0 0 0 0 0 0
0 0 0.0657534 0 0 0 0 0 0 0 0
0 0 0.0851451 0 0 0 0 0 0 0 0
0 0 0.241185 0 0 0 0 0 0 0 0
0 0 0.158333 0 0 0 0 0 0 0 0
0 0 0.171698 0 0 0 0 0 0 0 0
0 0 0.158333 0 0 0 0 0 0 0 0
0 0 0.171698 0 0 0 0 0 0 0 0
0 0 0.0961539 0 0 0 0 0 0 0 0
0 0 0.158333 0 0 0 0 0 0 0 0
0 0 0.171698 0 0 0 0 0 0 0 0
0 0 0.0961539 0 0 0 0 0 0 0 0
0 0 0.22809 0 0 0 0 0 0 0 0
0 0 0 0 0 0 0 0 0 0 0
0 0 0 0 0 0 0 0 0 0 0
0 0 0 0 0 0 0 0 0 0 0
0 0 0 0 0 0 0 0 0 0 0
0 0 0 0 0 0 0 0 0 0 0
0 0 0 0 0 0 0 0 0 0 0
0 0 0 0 0 0 0 0 0 0 0
0 0 0 0 0 0 0 0 0 0 0
0 0 0.256856 0 0 0 0 0 0 0 0
0 0 0 0 0 0 0 0 0 0 0
0 0 0.22809 0 0 0 0 0 0 0 0
0 0 0 0 0 0 0 0 0 0 0
0 0 0 0 0 0 0 0 0 0 0
0 0 0 0 0 0 0 0 0 0 0
0 0 0.107417 0 0 0 0 0 0 0 0
0 0 0.0797611 0 0 0 0 0 0 0 0
0 0 0.158807 0 0 0 0 0 0 0 0
0 0 0.124171 0 0 0 0 0 0 0 0
0 0 0.0769231 0 0 0 0 0 0 0 0
0 0 0.0692614 0 0 0 0 0 0 0 0
0 0 0.152288 0 0 0 0 0 0 0 0
0 0 0.124171 0 0 0 0 0 0 0 0
0 0 0.070059 0 0 0 0 0 0 0 0
0 0 0.241007 0 0 0 0 0 0 0 0
0 0 0.229961 0 0 0 0 0 0 0 0
0 0 0.138315 0 0 0 0 0 0 0 0
0 0 0.186853 0 0 0 0 0 0 0 0
0 0 0.215969 0 0 0 0 0 0 0 0
0 0 0.278008 0 0 0 0 0 0 0 0
0 0 0.155157 0 0 0 0 0 0 0 0
0 0 0.163873 0 0 0 0 0 0 0 0
0 0 0.188791 0 0 0 0 0 0 0 0
0 0 0.168945 0 0 0 0 0 0 0 0
0 0 0.220878 0 0 0 0 0 0 0 0
0 0 0.241007 0 0 0 0 0 0 0 0
0 0 0.229961 0 0 0 0 0 0 0 0
0 0 0.139299 0 0 0 0 0 0 0 0
0 0 0.186853 0 0 0 0 0 0 0 0
0 0 0.215969 0 0 0 0 0 0 0 0
0 0 0.278008 0 0 0 0 0 0 0 0
0 0 0.155157 0 0 0 0 0 0 0 0
0 0 0.163419 0 0 0 0 0 0 0 0
0 0 0.188178 0 0 0 0 0 0 0 0
0 0 0.16862 0 0 0 0 0 0 0 0
0 0 0.220878 0 0 0 0 0 0 0 0
0 0 0.241007 0 0 0 0 0 0 0 0
0 0 0.229961 0 0 0 0 0 0 0 0
0 0 0.138971 0 0 0 0 0 0 0 0
0 0 0.190297 0 0 0 0 0 0 0 0
0 0 0.215969 0 0 0 0 0 0 0 0
0 0 0.278008 0 0 0 0 0 0 0 0
0 0 0.155157 0 0 0 0 0 0 0 0
0 0 0.163453 0 0 0 0 0 0 0 0
0 0 0.188587 0 0 0 0 0 0 0 0
0 0 0.168945 0 0 0 0 0 0 0 0
0 0 0.220878 0 0 0 0 0 0 0 0
0 0 0.241007 0 0 0 0 0 0 0 0
0 0 0.241007 0 0 0 0 0 0 0 0
0 0 0.241007 0 0 0 0 0 0 0 0
0 0 0.15 0 0 0 0 0 0 0 0
0 0 0.144385 0 0 0 0 0 0 0 0
0 0 0.197333 0 0 0 0 0 0 0 0
0 0 0 0 0 0 0 0 0 0 0
0 0 0 0 0 0 0 0 0 0 0
0 0 0.0411165 0 0 0 0 0 0 0 0
0 0 0 0 0 0 0 0 0 0 0
0 0 0 0 0 0 0 0 0 0 0
0 0 0 0 0 0 0 0 0 0 0
0 0 0.10951 0 0 0 0 0 0 0 0
0 0 0.137552 0 0 0 0 0 0 0 0
0 0 0.101604 0 0 0 0 0 0 0 0
0 0 0 0 0 0 0 0 0 0 0
0 0 0.206963 0 0 0 0 0 0 0 0
0 0 0 0 0 0 0 0 0 0 0
0 0 0 0 0 0 0 0 0 0 0
0 0 0.0840841 0 0 0 0 0 0 0 0
1 0 0.112299 0 0 0 0 0 0 0 0
1 0 0.121693 0 0 0 0 0 0 0 0
1 0 0.150121 0 0 0 0 0 0 0 0
1 0 0.191638 0 0 0 0 0 0 0 0
0 0 0.0132373 0 0 0 0 0 0 0 0
0 0 0.0437365 0 0 0 0 0 0 0 0
0 0 0.165399 0 0 0 0 0 0 0 0
0 0 0.163498 0 0 0 0 0 0 0 0
0 0 0.104888 0 0 0 0 0 0 0 0
0 0 0.208103 0 0 0 0 0 0 0 0
0 0 0.093205 0 0 0 0 0 0 0 0
0 0 0.158182 0 0 0 0 0 0 0 0
0 0 0.178981 0 0 0 0 0 0 0 0
0 0 0.174743 0 0 0 0 0 0 0 0
0 0 0.201127 0 0 0 0 0 0 0 0
0 0 0.110203 0 0 0 0 0 0 0 0
0 0 0.141266 0 0 0 0 0 0 0 0
0 0 0.146334 0 0 0 0 0 0 0 0
0 0 0.185996 0 0 0 0 0 0 0 0
0 0 0.112766 0 0 0 0 0 0 0 0
0 0 0.199735 0 0 0 0 0 0 0 0
0 0 0.28803 0 0 0 0 0 0 0 0
0 0 0.177149 0 0 0 0 0 0 0 0
0 0 0.121891 0 0 0 0 0 0 0 0
0 0 0.181115 0 0 0 0 0 0 0 0
0 0 0.0679612 0 0 0 0 0 0 0 0
0 0 0.174687 0 0 0 0 0 0 0 0
0 0 0.0708394 0 0 0 0 0 0 0 0
0 0 0.137037 0 0 0 0 0 0 0 0
0 0 0.0879676 0 0 0 0 0 0 0 0
0 0 0.153034 0 0 0 0 0 0 0 0
0 0 0.178649 0 0 0 0 0 0 0 0
0 0 0.117029 0 0 0 0 0 0 0 0
0 0 0.0771794 0 0 0 0 0 0 0 0
0 0 0.0985603 0 0 0 0 0 0 0 0
0 0 0.137037 0 0 0 0 0 0 0 0
0 0 0.0888662 0 0 0 0 0 0 0 0
0 0 0.153034 0 0 0 0 0 0 0 0
0 0 0.178649 0 0 0 0 0 0 0 0
0 0 0.117029 0 0 0 0 0 0 0 0
0 0 0.0771794 0 0 0 0 0 0 0 0
0 0 0.0985603 0 0 0 0 0 0 0 0
1 1 0.103448 0 0 0 0 14.69 9.44 100 0
1 1 0.122642 0 0 0 0 14.69 9.44 100 0
1 1 0.110063 0 0 0 0 14.57 9.44 100 0
1 1 0.090625 0 0 0 0 14.59 9.44 100 0
0 0 0.20778 0 0 0 0 0 0 0 0
1 1 0.276455 0 0 0 0 10.68 6.26 28.57 0
0 0 0.023791 0 0 0 0 0 0 0 0
0 0 0.12835 0 0 0 0 0 0 0 0
0 0 0.100618 0 0 0 0 0 0 0 0
0 0 0.0564103 0 0 0 0 0 0 0 0
0 0 0.102041 0 0 0 0 0 0 0 0
0 0 0.189076 0 0 0 0 0 0 0 0
0 0 0.117935 0 0 0 0 0 0 0 0
1 0 0.483073 0 0 0 0 7.09 3.76 100 0
0 0 0.185611 0 0 0 0 0 0 0 0
0 0 0.103189 0 0 0 0 0 0 0 0
0 0 0.129973 0 0 0 0 0 0 0 0
0 0 0 0 0 0 0 0 0 0 0
0 0 0.088556 0 0 0 0 0 0 0 0
0 0 0.0915906 0 0 0 0 0 0 0 0
0 0 0.200895 0 0 0 0 0 0 0 0
0 0 0.213922 0 0 0 0 0 0 0 0
0 0 0.135593 0 0 0 0 0 0 0 0
0 0 0.194647 0 0 0 0 0 0 0 0
0 0 0.197183 0 0 0 0 0 0 0 0
1 0 0.121622 0 0 0 0 15.75 11.45 100 0
0 0 0.0416667 0 0 0 0 0 0 0 0
0 0 0 0 0 0 0 0 0 0 0
0 0 0.1803 0 0 0 0 0 0 0 0
0 0 0.190252 0 0 0 0 0 0 0 0
0 0 0.163151 0 0 0 0 0 0 0 0
0 0 0 0 0 0 0 0 0 0 0
0 0 0 0 0 0 0 0 0 0 0
0 0 0 0 0 0 0 0 0 0 0
0 0 0.209115 0 0 0 0 0 0 0 0
0 0 0 0 0 0 0 0 0 0 0
0 0 0.19403 0 0 0 0 0 0 0 0
0 0 0.0151987 0 0 0 0 0 0 0 0
1 1 0.130177 0 0 0 0 6.22 4.53 100 0
0 0 0.142857 0 0 0 0 0 0 0 0
0 0 0.115837 0 0 0 0 0 0 0 0
1 0 0.182045 0 0 0 0 6.57 4.62 80 0
0 0 0 0 0 0 0 0 0 0 0
0 0 0.115905 0 0 0 0 0 0 0 0
0 0 0.150785 0 0 0 0 0 0 0 0
0 0 0.142473 0 0 0 0 0 0 0 0
0 0 0.125448 0 0 0 0 0 0 0 0
0 0 0.122699 0 0 0 0 0 0 0 0
0 0 0.116083 0 0 0 0 0 0 0 0
0 0 0.129803 0 0 0 0 0 0 0 0
0 0 0.119608 0 0 0 0 0 0 0 0
0 0 0.138306 0 0 0 0 0 0 0 0
0 0 0.139442 0 0 0 0 0 0 0 0
0 0 0.10661 0 0 0 0 0 0 0 0
0 0 0.221413 0 0 0 0 0 0 0 0
0 0 0.19187 0 0 0 0 0 0 0 0
0 0 0.20202 0 0 0 0 0 0 0 0
0 0 0.160752 0 0 0 0 0 0 0 0
0 0 0.158129 0 0 0 0 0 0 0 0
0 0 0.222222 0 0 0 0 0 0 0 0
0 0 0.223633 0 0 0 0 0 0 0 0
0 0 0.238399 0 0 0 0 0 0 0 0
0 0 0.227238 0 0 0 0 0 0 0 0
0 0 0.199292 0 0 0 0 0 0 0 0
0 0 0.224806 0 0 0 0 0 0 0 0
0 0 0.206266 0 0 0 0 0 0 0 0
0 0 0.232449 0 0 0 0 0 0 0 0
0 0 0.227788 0 0 0 0 0 0 0 0
0 0 0.164509 0 0 0 0 0 0 0 0
0 0 0.205479 0 0 0 0 0 0 0 0
0 0 0.115905 0 0 0 0 0 0 0 0
0 0 0.150785 0 0 0 0 0 0 0 0
0 0 0.142473 0 0 0 0 0 0 0 0
0 0 0.125448 0 0 0 0 0 0 0 0
0 0 0.122699 0 0 0 0 0 0 0 0
0 0 0.116083 0 0 0 0 0 0 0 0
0 0 0.129803 0 0 0 0 0 0 0 0
0 0 0.119608 0 0 0 0 0 0 0 0
0 0 0.138306 0 0 0 0 0 0 0 0
0 0 0.139442 0 0 0 0 0 0 0 0
0 0 0.106254 0 0 0 0 0 0 0 0
0 0 0.206266 0 0 0 0 0 0 0 0
0 0 0.115905 0 0 0 0 0 0 0 0
0 0 0.150785 0 0 0 0 0 0 0 0
0 0 0.142473 0 0 0 0 0 0 0 0
0 0 0.125448 0 0 0 0 0 0 0 0
0 0 0.122699 0 0 0 0 0 0 0 0
0 0 0.116083 0 0 0 0 0 0 0 0
0 0 0.129803 0 0 0 0 0 0 0 0
0 0 0.119608 0 0 0 0 0 0 0 0
0 0 0.138306 0 0 0 0 0 0 0 0
0 0 0.139442 0 0 0 0 0 0 0 0
0 0 0.10661 0 0 0 0 0 0 0 0
0 0 0.206266 0 0 0 0 0 0 0 0
0 0 0.115905 0 0 0 0 0 0 0 0
0 0 0.150785 0 0 0 0 0 0 0 0
0 0 0.142473 0 0 0 0 0 0 0 0
0 0 0.125448 0 0 0 0 0 0 0 0
0 0 0.122699 0 0 0 0 0 0 0 0
0 0 0.116083 0 0 0 0 0 0 0 0
0 0 0.129803 0 0 0 0 0 0 0 0
0 0 0.119608 0 0 0 0 0 0 0 0
0 0 0.137529 0 0 0 0 0 0 0 0
0 0 0.139442 0 0 0 0 0 0 0 0
0 0 0.106254 0 0 0 0 0 0 0 0
0 0 0.2316 0 0 0 0 0 0 0 0
0 0 0.279055 0 0 0 0 0 0 0 0
0 0 0.238981 0 0 0 0 0 0 0 0
0 0 0.235006 0 0 0 0 0 0 0 0
0 0 0.251938 0 0 0 0 0 0 0 0
0 0 0.252896 0 0 0 0 0 0 0 0
0 0 0.211921 0 0 0 0 0 0 0 0
0 0 0.212871 0 0 0 0 0 0 0 0
0 0 0.237123 0 0 0 0 0 0 0 0
0 0 0.147826 0 0 0 0 0 0 0 0
0 0 0.206266 0 0 0 0 0 0 0 0
0 0 0.115905 0 0 0 0 0 0 0 0
0 0 0.150785 0 0 0 0 0 0 0 0
0 0 0.142473 0 0 0 0 0 0 0 0
0 0 0.125448 0 0 0 0 0 0 0 0
0 0 0.122699 0 0 0 0 0 0 0 0
0 0 0.116083 0 0 0 0 0 0 0 0
0 0 0.129803 0 0 0 0 0 0 0 0
0 0 0.119608 0 0 0 0 0 0 0 0
0 0 0.137529 0 0 0 0 0 0 0 0
0 0 0.139442 0 0 0 0 0 0 0 0
0 0 0.106254 0 0 0 0 0 0 0 0
0 0 0.206266 0 0 0 0 0 0 0 0
0 0 0 0 0 0 0 0 0 0 0
1 1 0.202532 0 0 0 0 15.32 9.98 100 0
0 0 0.133919 0 0 0 0 0 0 0 0
0 0 0.107623 0 0 0 0 0 0 0 0
0 0 0.104956 0 0 0 0 0 0 0 0
0 0 0.101744 0 0 0 0 0 0 0 0
0 0 0.169367 0 0 0 0 0 0 0 0
0 0 0.219348 0 0 0 0 0 0 0 0
0 0 0.0732266 0 0 0 0 0 0 0 0
1 1 0.18126 0 0 0 0 15.29 10.26 100 0
0 0 0.0613398 0 0 0 0 0 0 0 0
0 0 0.153731 0 0 0 0 0 0 0 0
1 1 0.189911 0 0 0 0 14.81 9.55 100 0
1 0 0.172805 0 0 0 0 15.31 10.33 100 0
1 0 0.120643 0 0 0 0 16.22 11.1 100 0
0 0 0.134243 0 0 0 0 0 0 0 0
1 1 0.121658 0 0 0 0 15.23 9.98 100 0
0 0 0.050883 0 0 0 0 0 0 0 0
1 0 0.155224 0 0 0 0 14.59 9.73 100 0
0 0 0.187959 0 0 0 0 0 0 0 0
1 1 0.185529 0 0 0 0 4.21 2.24 0 0
0 0 0.150376 0 0 0 0 0 0 0 0
0 0 0.0971199 0 0 0 0 0 0 0 0
0 0 0.0848514 0 0 0 0 0 0 0 0
0 0 0.215971 0 0 0 0 0 0 0 0
0 0 0.220615 0 0 0 0 0 0 0 0
0 0 0.177011 0 0 0 0 0 0 0 0
0 0 0.0848514 0 0 0 0 0 0 0 0
0 0 0.215971 0 0 0 0 0 0 0 0
0 0 0.220615 0 0 0 0 0 0 0 0
0 0 0.177011 0 0 0 0 0 0 0 0
0 0 0.0853308 0 0 0 0 0 0 0 0
0 0 0.215971 0 0 0 0 0 0 0 0
0 0 0.220615 0 0 0 0 0 0 0 0
0 0 0.177011 0 0 0 0 0 0 0 0
0 0 0.245074 0 0 0 0 0 0 0 0
0 0 0.243626 0 0 0 0 0 0 0 0
0 0 0 0 0 0 0 0 0 0 0
0 0 0.0590087 0 0 0 0 0 0 0 0
0 0 0.145186 0 0 0 0 0 0 0 0
0 0 0.188737 0 0 0 0 0 0 0 0
0 0 0.261417 0 0 0 0 0 0 0 0
0 0 0.14134 0 0 0 0 0 0 0 0
0 0 0.143234 0 0 0 0 0 0 0 0
0 0 0.176018 0 0 0 0 0 0 0 0
0 0 0.172073 0 0 0 0 0 0 0 0
0 0 0.174986 0 0 0 0 0 0 0 0
0 0 0.168374 0 0 0 0 0 0 0 0
0 0 0.127358 0 0 0 0 0 0 0 0
1 0 0.122507 0 0 0 0 10.26 6.23 100 0
0 0 0.0877743 0 0 0 0 0 0 0 0
0 0 0.0653802 0 0 0 0 0 0 0 0
0 0 0 0 0 0 0 0 0 0 0
0 0 0 0 0 0 0 0 0 0 0
0 0 0 0 0 0 0 0 0 0 0
0 0 0.116531 0 0 0 0 0 0 0 0
0 0 0.1375 0 0 0 0 0 0 0 0
0 0 0.13568 0 0 0 0 0 0 0 0
0 0 0.0701172 0 0 0 0 0 0 0 0
0 0 0.189279 0 0 0 0 0 0 0 0
0 0 0.120548 0 0 0 0 0 0 0 0
0 0 0.103976 0 0 0 0 0 0 0 0
0 0 0.130208 0 0 0 0 0 0 0 0
0 0 0.140762 0 0 0 0 0 0 0 0
0 0 0.130564 0 0 0 0 0 0 0 0
0 0 0.316547 0 0 0 0 0 0 0 0
0 0 0.326599 0 0 0 0 0 0 0 0
0 0 0 0 0 0 0 0 0 0 0
0 0 0 0 0 0 0 0 0 0 0
0 0 0.186603 0 0 0 0 0 0 0 0
0 0 0.107417 0 0 0 0 0 0 0 0
0 0 0.078707 0 0 0 0 0 0 0 0
0 0 0.158807 0 0 0 0 0 0 0 0
0 0 0.124171 0 0 0 0 0 0 0 0
0 0 0.0763736 0 0 0 0 0 0 0 0
0 0 0.0698743 0 0 0 0 0 0 0 0
0 0 0.152614 0 0 0 0 0 0 0 0
0 0 0.124171 0 0 0 0 0 0 0 0
0 0 0.0284125 0 0 0 0 0 0 0 0
0 0 0.0750699 0 0 0 0 0 0 0 0
0 0 0.100037 0 0 0 0 0 0 0 0
0 0 0.133501 0 0 0 0 0 0 0 0
0 0 0.139276 0 0 0 0 0 0 0 0
0 0 0.0384616 0 0 0 0 0 0 0 0
0 0 0.0612363 0 0 0 0 0 0 0 0
0 0 0.0757843 0 0 0 0 0 0 0 0
0 0 0.203419 0 0 0 0 0 0 0 0
0 0 0.0749894 0 0 0 0 0 0 0 0
0 0 0.0620316 0 0 0 0 0 0 0 0
0 0 0.155525 0 0 0 0 0 0 0 0
0 0 0.0547798 0 0 0 0 0 0 0 0
0 0 0.266082 0 0 0 0 0 0 0 0
0 0 0 0 0 0 0 0 0 0 0
0 0 0 0 0 0 0 0 0 0 0
0 0 0 0 0 0 0 0 0 0 0
0 0 0.157602 0 0 0 0 0 0 0 0
0 0 0 0 0 0 0 0 0 0 0
0 0 0 0 0 0 0 0 0 0 0
0 0 0.0287993 0 0 0 0 0 0 0 0
0 0 0.0885269 0 0 0 0 0 0 0 0
0 0 0.0883392 0 0 0 0 0 0 0 0
0 0 0.143953 0 0 0 0 0 0 0 0
0 0 0.037577 0 0 0 0 0 0 0 0
0 0 0.112936 0 0 0 0 0 0 0 0
0 0 0.0643604 0 0 0 0 0 0 0 0
0 0 0.153061 0 0 0 0 0 0 0 0
0 0 0.182077 0 0 0 0 0 0 0 0
0 0 0.0290625 0 0 0 0 0 0 0 0
0 0 0.162617 0 0 0 0 0 0 0 0
0 0 0.0940419 0 0 0 0 0 0 0 0
0 0 0.18254 0 0 0 0 0 0 0 0
0 0 0.152135 0 0 0 0 0 0 0 0
0 0 0.0594702 0 0 0 0 0 0 0 0
0 0 0.112299 0 0 0 0 0 0 0 0
0 0 0.096348 0 0 0 0 0 0 0 0
0 0 0.140308 0 0 0 0 0 0 0 0
0 0 0.213759 0 0 0 0 0 0 0 0
0 0 0.167802 0 0 0 0 0 0 0 0
0 0 0.202322 0 0 0 0 0 0 0 0
0 0 0.154671 0 0 0 0 0 0 0 0
0 0 0.175911 0 0 0 0 0 0 0 0
0 0 0.0938155 0 0 0 0 0 0 0 0
0 0 0.0940416 0 0 0 0 0 0 0 0
0 0 0.25897 0 0 0 0 0 0 0 0
0 0 0.184915 0 0 0 0 0 0 0 0
0 0 0 0 0 0 0 0 0 0 0
0 0 0 0 0 0 0 0 0 0 0
0 0 0.341176 0 0 0 0 0 0 0 0
0 0 0.0745968 0 0 0 0 0 0 0 0
0 0 0.215736 0 0 0 0 0 0 0 0
0 0 0.0448663 0 0 0 0 0 0 0 0
0 0 0.175658 0 0 0 0 0 0 0 0
0 0 0.127193 0 0 0 0 0 0 0 0
0 0 0.174479 0 0 0 0 0 0 0 0
0 0 0.146426 0 0 0 0 0 0 0 0
0 0 0.165354 0 0 0 0 0 0 0 0
0 0 0.0860656 0 0 0 0 0 0 0 0
0 0 0.137076 0 0 0 0 0 0 0 0
0 0 0.165354 0 0 0 0 0 0 0 0
0 0 0.0695027 0 0 0 0 0 0 0 0
0 0 0.122479 0 0 0 0 0 0 0 0
0 0 0.1495 0 0 0 0 0 0 0 0
0 0 0.111452 0 0 0 0 0 0 0 0
0 0 0.228771 0 0 0 0 0 0 0 0
0 0 0.122414 0 0 0 0 0 0 0 0
0 0 0.216504 0 0 0 0 0 0 0 0
0 0 0.214617 0 0 0 0 0 0 0 0
0 0 0.0893731 0 0 0 0 0 0 0 0
0 0 0.118331 0 0 0 0 0 0 0 0
0 0 0.122297 0 0 0 0 0 0 0 0
0 0 0.217672 0 0 0 0 0 0 0 0
0 0 0.0760638 0 0 0 0 0 0 0 0
0 0 0.255319 0 0 0 0 0 0 0 0
0 0 0.210285 0 0 0 0 0 0 0 0
0 0 0.16882 0 0 0 0 0 0 0 0
0 0 0.257042 0 0 0 0 0 0 0 0
0 0 0.217672 0 0 0 0 0 0 0 0
0 0 0.075 0 0 0 0 0 0 0 0
0 0 0.255319 0 0 0 0 0 0 0 0
0 0 0.210285 0 0 0 0 0 0 0 0
0 0 0.16882 0 0 0 0 0 0 0 0
0 0 0.257042 0 0 0 0 0 0 0 0
0 0 0.20812 0 0 0 0 0 0 0 0
1 0 0.217672 0 0 0 0 7.13 4.36 100 0
0 0 0.0755319 0 0 0 0 0 0 0 0
0 0 0.255319 0 0 0 0 0 0 0 0
0 0 0.210285 0 0 0 0 0 0 0 0
0 0 0.169251 0 0 0 0 0 0 0 0
0 0 0.257042 0 0 0 0 0 0 0 0
0 0 0 0 0 0 0 0 0 0 0
0 0 0.188421 0 0 0 0 0 0 0 0
0 0 0.0559865 0 0 0 0 0 0 0 0
0 0 0.106986 0 0 0 0 0 0 0 0
0 0 0 0 0 0 0 0 0 0 0
0 0 0 0 0 0 0 0 0 0 0
0 0 0 0 0 0 0 0 0 0 0
0 0 0 0 0 0 0 0 0 0 0
0 0 0 0 0 0 0 0 0 0 0
0 0 0 0 0 0 0 0 0 0 0
0 0 0 0 0 0 0 0 0 0 0
0 0 0 0 0 0 0 0 0 0 0
0 0 0 0 0 0 0 0 0 0 0
0 0 0 0 0 0 0 0 0 0 0
0 0 0 0 0 0 0 0 0 0 0
0 0 0.157584 0 0 0 0 0 0 0 0
0 0 0.130219 0 0 0 0 0 0 0 0
0 0 0 0 0 0 0 0 0 0 0
0 0 0 0 0 0 0 0 0 0 0
0 0 0 0 0 0 0 0 0 0 0
0 0 0.216473 0 0 0 0 0 0 0 0
0 0 0.153693 0 0 0 0 0 0 0 0
0 0 0 0 0 0 0 0 0 0 0
0 0 0.157293 0 0 0 0 0 0 0 0
0 0 0.111111 0 0 0 0 0 0 0 0
0 0 0.117421 0 0 0 0 0 0 0 0
0 0 0.0799087 0 0 0 0 0 0 0 0
0 0 0.283218 0 0 0 0 0 0 0 0
0 0 0 0 0 0 0 0 0 0 0
0 0 0.1893 0 0 0 0 0 0 0 0
0 0 0.191057 0 0 0 0 0 0 0 0
0 0 0.084989 0 0 0 0 0 0 0 0
0 0 0.239418 0 0 0 0 0 0 0 0
0 0 0.114851 0 0 0 0 0 0 0 0
0 0 0.109052 0 0 0 0 0 0 0 0
0 0 0.0452403 0 0 0 0 0 0 0 0
0 0 0.1875 0 0 0 0 0 0 0 0
0 0 0 0 0 0 0 0 0 0 0
0 0 0.218857 0 0 0 0 0 0 0 0
0 0 0 0 0 0 0 0 0 0 0
0 0 0.217391 0 0 0 0 0 0 0 0
0 0 0.0324697 0 0 0 0 0 0 0 0
0 0 0.111501 0 0 0 0 0 0 0 0
0 0 0.127226 0 0 0 0 0 0 0 0
0 0 0.130291 0 0 0 0 0 0 0 0
0 0 0.147009 0 0 0 0 0 0 0 0
0 0 0.189437 0 0 0 0 0 0 0 0
0 0 0.0928177 0 0 0 0 0 0 0 0
0 0 0.107466 0 0 0 0 0 0 0 0
0 0 0.210758 0 0 0 0 0 0 0 0
0 0 0.196673 0 0 0 0 0 0 0 0
0 0 0.189534 0 0 0 0 0 0 0 0
0 0 0.233333 0 0 0 0 0 0 0 0
0 0 0.175243 0 0 0 0 0 0 0 0
0 0 0.124807 0 0 0 0 0 0 0 0
0 0 0.179191 0 0 0 0 0 0 0 0
0 0 0 0 0 0 0 0 0 0 0
0 0 0 0 0 0 0 0 0 0 0
0 0 0 0 0 0 0 0 0 0 0
0 0 0.15429 0 0 0 0 0 0 0 0
0 0 0.187453 0 0 0 0 0 0 0 0
0 0 0.142688 0 0 0 0 0 0 0 0
0 0 0.171263 0 0 0 0 0 0 0 0
0 0 0.167897 0 0 0 0 0 0 0 0
1 0 0.137787 0 0 0 0 9.54 5.43 100 0
1 1 0.0777778 0 0 0 0 10.18 6.1 100 0
0 0 0.225691 0 0 0 0 0 0 0 0
0 0 0.0630931 0 0 0 0 0 0 0 0
0 0 0.0839387 0 0 0 0 0 0 0 0
0 0 0.13276 0 0 0 0 0 0 0 0
0 0 0.14011 0 0 0 0 0 0 0 0
1 1 0.0875 0 0 0 0 14.66 9.47 100 0
1 1 0.136232 0 0 0 0 17.97 12.12 100 0
1 1 0.103976 0 0 0 0 14.66 9.47 100 0
1 1 0.0875 0 0 0 0 14.66 9.47 100 0
1 1 0.136232 0 0 0 0 17.97 12.12 100 0
1 1 0.0815047 0 0 0 0 14.67 9.47 100 0
1 1 0.0984615 0 0 0 0 14.7 9.47 100 0
0 0 0.176471 0 0 0 0 0 0 0 0
1 0 0.228188 0 0 0 0 13.92 9.29 100 0
0 0 0.124378 0 0 0 0 0 0 0 0
0 0 0.388005 0 0 0 0 0 0 0 0
0 0 0 0 0 0 0 0 0 0 0
0 0 0 0 0 0 0 0 0 0 0
0 0 0 0 0 0 0 0 0 0 0
0 0 0 0 0 0 0 0 0 0 0
0 0 0 0 0 0 0 0 0 0 0
0 0 0 0 0 0 0 0 0 0 0
0 0 0 0 0 0 0 0 0 0 0
0 0 0 0 0 0 0 0 0 0 0
0 0 0 0 0 0 0 0 0 0 0
0 0 0.244804 0 0 0 0 0 0 0 0
0 0 0.145011 0 0 0 0 0 0 0 0
0 0 0.220851 0 0 0 0 0 0 0 0
0 0 0.201913 0 0 0 0 0 0 0 0
0 0 0.249577 0 0 0 0 0 0 0 0
0 0 0.167939 0 0 0 0 0 0 0 0
0 0 0.143802 0 0 0 0 0 0 0 0
0 0 0.201754 0 0 0 0 0 0 0 0
0 0 0.160401 0 0 0 0 0 0 0 0
0 0 0.136 0 0 0 0 0 0 0 0
0 0 0.192833 0 0 0 0 0 0 0 0
0 0 0.160858 0 0 0 0 0 0 0 0
0 0 0.220217 0 0 0 0 0 0 0 0
0 0 0.219885 0 0 0 0 0 0 0 0
0 0 0.202267 0 0 0 0 0 0 0 0
0 0 0 0 0 0 0 0 0 0 0
0 0 0 0 0 0 0 0 0 0 0
0 0 0 0 0 0 0 0 0 0 0
0 0 0.199002 0 0 0 0 0 0 0 0
0 0 0.13799 0 0 0 0 0 0 0 0
0 0 0 0 0 0 0 0 0 0 0
0 0 0.178269 0 0 0 0 0 0 0 0
0 0 0.185453 0 0 0 0 0 0 0 0
0 0 0.20445 0 0 0 0 0 0 0 0
0 0 0.232846 0 0 0 0 0 0 0 0
0 0 0.169536 0 0 0 0 0 0 0 0
0 0 0.188403 0 0 0 0 0 0 0 0
0 0 0.192191 0 0 0 0 0 0 0 0
0 0 0 0 0 0 0 0 0 0 0
0 0 0.272231 0 0 0 0 0 0 0 0
0 0 0.167227 0 0 0 0 0 0 0 0
0 0 0.227024 0 0 0 0 0 0 0 0
0 0 0.132019 0 0 0 0 0 0 0 0
0 0 0 0 0 0 0 0 0 0 0
0 0 0.0543478 0 0 0 0 0 0 0 0
0 0 0.0838863 0 0 0 0 0 0 0 0
0 0 0.190709 0 0 0 0 0 0 0 0
0 0 0.232717 0 0 0 0 0 0 0 0
0 0 0.0565351 0 0 0 0 0 0 0 0
1 0 0.186306 0 0 0 0 9.75 5.59 88.89 0
0 0 0.08487 0 0 0 0 0 0 0 0
1 0 0.181818 0 0 0 0 14 8.87 100 0
1 0 0.187898 0 0 0 0 9.7 5.56 88.89 0
1 0 0.172249 0 0 0 0 13.61 8.52 100 0
0 0 0.0214002 0 0 0 0 0 0 0 0
0 0 0.139241 0 0 0 0 0 0 0 0
1 0 0.181818 0 0 0 0 14 8.87 100 0
1 1 0.185693 0 0 0 0 4.84 3.08 100 0
0 0 0.0707483 0 0 0 0 0 0 0 0
0 0 0.0762125 0 0 0 0 0 0 0 0
0 0 0.0414601 0 0 0 0 0 0 0 0
1 0 0.493746 0 0 0 0 0 0 0 0
0 0 0.0971511 0 0 0 0 0 0 0 0
0 0 0.142267 0 0 0 0 0 0 0 0
1 0 0.115942 0 0 0 0 13.64 8.47 100 0
1 0 0.49196 0 0 0 0 0 0 0 0
0 0 0.0973463 0 0 0 0 0 0 0 0
0 0 0.140317 0 0 0 0 0 0 0 0
1 0 0.115942 0 0 0 0 11.57 6.82 100 0
0 0 0.0970835 0 0 0 0 0 0 0 0
0 0 0.0581633 0 0 0 0 0 0 0 0
0 0 0.203598 0 0 0 0 0 0 0 0
0 0 0.257833 0 0 0 0 0 0 0 0
0 0 0.173233 0 0 0 0 0 0 0 0
1 0 0.491364 0 0 0 0 0 0 0 0
0 0 0.0971511 0 0 0 0 0 0 0 0
0 0 0.140317 0 0 0 0 0 0 0 0
1 0 0.115942 0 0 0 0 11.57 6.82 100 0
0 0 0.0972832 0 0 0 0 0 0 0 0
0 0 0.0581633 0 0 0 0 0 0 0 0
0 0 0.203995 0 0 0 0 0 0 0 0
0 0 0.257833 0 0 0 0 0 0 0 0
0 0 0.173233 0 0 0 0 0 0 0 0
1 0 0.491364 0 0 0 0 0 0 0 0
0 0 0.0972149 0 0 0 0 0 0 0 0
0 0 0.140852 0 0 0 0 0 0 0 0
1 0 0.115942 0 0 0 0 11.54 6.8 100 0
0 0 0.097483 0 0 0 0 0 0 0 0
0 0 0.0581633 0 0 0 0 0 0 0 0
0 0 0.203277 0 0 0 0 0 0 0 0
0 0 0.257833 0 0 0 0 0 0 0 0
0 0 0.173233 0 0 0 0 0 0 0 0
0 0 0 0 0 0 0 0 0 0 0
0 0 0.126707 0 0 0 0 0 0 0 0
0 0 0.096527 0 0 0 0 0 0 0 0
0 0 0.133333 0 0 0 0 0 0 0 0
1 1 0.158177 0 0 0 0 8.2 5.15 100 0
0 0 0.0686175 0 0 0 0 0 0 0 0
0 0 0.119298 0 0 0 0 0 0 0 0
0 0 0.0806046 0 0 0 0 0 0 0 0
0 0 0.142457 0 0 0 0 0 0 0 0
0 0 0.142764 0 0 0 0 0 0 0 0
0 0 0.205761 0 0 0 0 0 0 0 0
0 0 0.229921 0 0 0 0 0 0 0 0
0 0 0.229921 0 0 0 0 0 0 0 0
1 0 0.121622 0 0 0 0 15.75 11.72 100 0
0 0 0.0416667 0 0 0 0 0 0 0 0
0 0 0 0 0 0 0 0 0 0 0
0 0 0.1803 0 0 0 0 0 0 0 0
0 0 0.213081 0 0 0 0 0 0 0 0
0 0 0.26521 0 0 0 0 0 0 0 0
0 0 0.16772 0 0 0 0 0 0 0 0
1 1 0.139276 0 0 0 0 15.33 9.81 100 0
1 1 0.125698 0 0 0 0 15.33 9.81 100 0
0 0 0.107417 0 0 0 0 0 0 0 0
0 0 0.0801125 0 0 0 0 0 0 0 0
0 0 0.158807 0 0 0 0 0 0 0 0
0 0 0.124171 0 0 0 0 0 0 0 0
0 0 0.0763736 0 0 0 0 0 0 0 0
0 0 0.0695679 0 0 0 0 0 0 0 0
0 0 0.152288 0 0 0 0 0 0 0 0
0 0 0.124171 0 0 0 0 0 0 0 0
0 0 0.192744 0 0 0 0 0 0 0 0
1 1 0.195499 0 0 0 0 10.13 5.61 100 0
1 0 0.265044 0 0 0 0 0 0 0 0
0 0 0 0 0 0 0 0 0 0 0
0 0 0 0 0 0 0 0 0 0 0
0 0 0 0 0 0 0 0 0 0 0
0 0 0 0 0 0 0 0 0 0 0
0 0 0 0 0 0 0 0 0 0 0
0 0 0.0957829 0 0 0 0 0 0 0 0
0 0 0 0 0 0 0 0 0 0 0
0 0 0 0 0 0 0 0 0 0 0
0 0 0.11171 0 0 0 0 0 0 0 0
0 0 0.116458 0 0 0 0 0 0 0 0
0 0 0.0799087 0 0 0 0 0 0 0 0
0 0 0 0 0 0 0 0 0 0 0
0 0 0.291909 0 0 0 0 0 0 0 0
0 0 0 0 0 0 0 0 0 0 0
0 0 0.21755 0 0 0 0 0 0 0 0
0 0 0.148064 0 0 0 0 0 0 0 0
0 0 0.196477 0 0 0 0 0 0 0 0
0 0 0.0772627 0 0 0 0 0 0 0 0
0 0 0.203576 0 0 0 0 0 0 0 0
0 0 0.114851 0 0 0 0 0 0 0 0
0 0 0.101112 0 0 0 0 0 0 0 0
0 0 0.0452403 0 0 0 0 0 0 0 0
0 0 0 0 0 0 0 0 0 0 0
0 0 0.11171 0 0 0 0 0 0 0 0
0 0 0.116939 0 0 0 0 0 0 0 0
0 0 0.0799087 0 0 0 0 0 0 0 0
0 0 0 0 0 0 0 0 0 0 0
0 0 0.291909 0 0 0 0 0 0 0 0
0 0 0 0 0 0 0 0 0 0 0
0 0 0.21755 0 0 0 0 0 0 0 0
0 0 0.148064 0 0 0 0 0 0 0 0
0 0 0.196477 0 0 0 0 0 0 0 0
0 0 0.0772627 0 0 0 0 0 0 0 0
0 0 0.203576 0 0 0 0 0 0 0 0
0 0 0.114999 0 0 0 0 0 0 0 0
0 0 0.100582 0 0 0 0 0 0 0 0
0 0 0.0452403 0 0 0 0 0 0 0 0
0 0 0 0 0 0 0 0 0 0 0
0 0 0.11171 0 0 0 0 0 0 0 0
0 0 0.116939 0 0 0 0 0 0 0 0
0 0 0.0799087 0 0 0 0 0 0 0 0
0 0 0 0 0 0 0 0 0 0 0
0 0 0.291909 0 0 0 0 0 0 0 0
0 0 0 0 0 0 0 0 0 0 0
0 0 0.21755 0 0 0 0 0 0 0 0
0 0 0.148064 0 0 0 0 0 0 0 0
0 0 0.196477 0 0 0 0 0 0 0 0
0 0 0.0772627 0 0 0 0 0 0 0 0
0 0 0.203576 0 0 0 0 0 0 0 0
0 0 0.114851 0 0 0 0 0 0 0 0
0 0 0.100582 0 0 0 0 0 0 0 0
0 0 0.0452403 0 0 0 0 0 0 0 0
0 0 0 0 0 0 0 0 0 0 0
0 0 0.11171 0 0 0 0 0 0 0 0
0 0 0.116939 0 0 0 0 0 0 0 0
0 0 0.0799087 0 0 0 0 0 0 0 0
0 0 0 0 0 0 0 0 0 0 0
0 0 0.291909 0 0 0 0 0 0 0 0
0 0 0 0 0 0 0 0 0 0 0
0 0 0.21755 0 0 0 0 0 0 0 0
0 0 0.148064 0 0 0 0 0 0 0 0
0 0 0.196477 0 0 0 0 0 0 0 0
0 0 0.0772627 0 0 0 0 0 0 0 0
0 0 0.203576 0 0 0 0 0 0 0 0
0 0 0.114851 0 0 0 0 0 0 0 0
0 0 0.100582 0 0 0 0 0 0 0 0
0 0 0.0461829 0 0 0 0 0 0 0 0
0 0 0.191463 0 0 0 0 0 0 0 0
0 0 0.191995 0 0 0 0 0 0 0 0
0 0 0 0 0 0 0 0 0 0 0
0 0 0.205882 0 0 0 0 0 0 0 0
0 0 0.380161 0 0 0 0 0 0 0 0
1 0 0.22793 0 0 0 0 14.35 9.99 87.88 0
1 1 0.213321 0 0 0 0 12.11 7.29 0 0
1 1 0.246554 0 0 0 0 12.77 8.07 92.31 0
0 0 0.128748 0 0 0 0 0 0 0 0
0 0 0.183983 0 0 0 0 0 0 0 0
1 1 0.314879 0 0 0 0 12.17 7.46 41.67 0
1 1 0.31746 0 0 0 0 11.55 7.08 66.67 0
0 0 0.270554 0 0 0 0 0 0 0 0
0 0 0.16358 0 0 0 0 0 0 0 0
0 0 0.207296 0 0 0 0 0 0 0 0
0 0 0.290495 0 0 0 0 0 0 0 0
0 0 0.175248 0 0 0 0 0 0 0 0
0 0 0.158282 0 0 0 0 0 0 0 0
0 0 0.190414 0 0 0 0 0 0 0 0
0 0 0.12424 0 0 0 0 0 0 0 0
0 0 0.134205 0 0 0 0 0 0 0 0
0 0 0.088634 0 0 0 0 0 0 0 0
0 0 0.151188 0 0 0 0 0 0 0 0
0 0 0.295031 0 0 0 0 0 0 0 0
0 0 0.15236 0 0 0 0 0 0 0 0
0 0 0.29909 0 0 0 0 0 0 0 0
0 0 0.315126 0 0 0 0 0 0 0 0
0 0 0.137931 0 0 0 0 0 0 0 0
0 0 0.218391 0 0 0 0 0 0 0 0
0 0 0.16636 0 0 0 0 0 0 0 0
0 0 0.0363637 0 0 0 0 0 0 0 0
0 0 0.0346604 0 0 0 0 0 0 0 0
0 0 0.205882 0 0 0 0 0 0 0 0
0 0 0.380161 0 0 0 0 0 0 0 0
0 0 0.169935 0 0 0 0 0 0 0 0
1 1 0.213321 0 0 0 0 13.96 8.57 0 0
1 1 0.246554 0 0 0 0 14.73 9.5 92.31 0
0 0 0.129336 0 0 0 0 0 0 0 0
0 0 0.183983 0 0 0 0 0 0 0 0
1 1 0.314879 0 0 0 0 14.05 8.78 41.67 0
1 1 0.31746 0 0 0 0 13.33 8.33 66.67 0
1 1 0.100629 0 0 0 0 14.66 9.47 100 0
1 1 0.100629 0 0 0 0 14.66 9.47 0 0
0 0 0.0902595 0 0 0 0 0 0 0 0
0 0 0.0698503 0 0 0 0 0 0 0 0
0 0 0.166667 0 0 0 0 0 0 0 0
0 0 0 0 0 0 0 0 0 0 0
0 0 0.135135 0 0 0 0 0 0 0 0
0 0 0.0844867 0 0 0 0 0 0 0 0
0 0 0.0486952 0 0 0 0 0 0 0 0
0 0 0.240952 0 0 0 0 0 0 0 0
1 1 0.238434 0 0 0 0 7.47 5.29 82.35 0
0 0 0.159705 0 0 0 0 0 0 0 0
0 0 0.272025 0 0 0 0 0 0 0 0
0 0 0.242009 0 0 0 0 0 0 0 0
0 0 0.225256 0 0 0 0 0 0 0 0
0 0 0.219925 0 0 0 0 0 0 0 0
0 0 0.133101 0 0 0 0 0 0 0 0
0 0 0.213043 0 0 0 0 0 0 0 0
0 0 0.218143 0 0 0 0 0 0 0 0
0 0 0.218143 0 0 0 0 0 0 0 0
0 0 0.218143 0 0 0 0 0 0 0 0
0 0 0.210066 0 0 0 0 0 0 0 0
0 0 0.221505 0 0 0 0 0 0 0 0
0 0 0.226496 0 0 0 0 0 0 0 0
0 0 0.226496 0 0 0 0 0 0 0 0
0 0 0.226496 0 0 0 0 0 0 0 0
0 0 0.21645 0 0 0 0 0 0 0 0
0 0 0.216891 0 0 0 0 0 0 0 0
0 0 0.206759 0 0 0 0 0 0 0 0
0 0 0.171315 0 0 0 0 0 0 0 0
0 0 0.221519 0 0 0 0 0 0 0 0
0 0 0.166333 0 0 0 0 0 0 0 0
0 0 0.219873 0 0 0 0 0 0 0 0
0 0 0.162651 0 0 0 0 0 0 0 0
0 0 0.21322 0 0 0 0 0 0 0 0
0 0 0.159274 0 0 0 0 0 0 0 0
0 0 0.207877 0 0 0 0 0 0 0 0
0 0 0.191288 0 0 0 0 0 0 0 0
0 0 0.150515 0 0 0 0 0 0 0 0
0 0 0.158436 0 0 0 0 0 0 0 0
0 0 0.150206 0 0 0 0 0 0 0 0
0 0 0.213043 0 0 0 0 0 0 0 0
0 0 0.217095 0 0 0 0 0 0 0 0
0 0 0.165333 0 0 0 0 0 0 0 0
1 0 0.126126 0 0 0 0 3.94 2.05 100 0
0 0 0.0858166 0 0 0 0 0 0 0 0
0 0 0.217852 0 0 0 0 0 0 0 0
0 0 0.165333 0 0 0 0 0 0 0 0
0 0 0.126126 0 0 0 0 0 0 0 0
0 0 0.0857333 0 0 0 0 0 0 0 0
0 0 0.217852 0 0 0 0 0 0 0 0
0 0 0.165333 0 0 0 0 0 0 0 0
0 0 0.126126 0 0 0 0 0 0 0 0
0 0 0.0856501 0 0 0 0 0 0 0 0
0 0 0.217095 0 0 0 0 0 0 0 0
0 0 0.165333 0 0 0 0 0 0 0 0
0 0 0.126126 0 0 0 0 0 0 0 0
0 0 0.0857333 0 0 0 0 0 0 0 0
0 0 0.0971751 0 0 0 0 0 0 0 0
0 0 0.115349 0 0 0 0 0 0 0 0
0 0 0.217095 0 0 0 0 0 0 0 0
0 0 0.165333 0 0 0 0 0 0 0 0
0 0 0.126126 0 0 0 0 0 0 0 0
0 0 0.0858166 0 0 0 0 0 0 0 0
0 0 0.217852 0 0 0 0 0 0 0 0
0 0 0.165333 0 0 0 0 0 0 0 0
0 0 0.126126 0 0 0 0 0 0 0 0
0 0 0.0858166 0 0 0 0 0 0 0 0
0 0 0.217095 0 0 0 0 0 0 0 0
0 0 0.165333 0 0 0 0 0 0 0 0
0 0 0.126126 0 0 0 0 0 0 0 0
0 0 0.085983 0 0 0 0 0 0 0 0
0 0 0.217095 0 0 0 0 0 0 0 0
0 0 0.165333 0 0 0 0 0 0 0 0
0 0 0.126126 0 0 0 0 0 0 0 0
0 0 0.0857333 0 0 0 0 0 0 0 0
0 0 0.123804 0 0 0 0 0 0 0 0
0 0 0.217852 0 0 0 0 0 0 0 0
0 0 0.165333 0 0 0 0 0 0 0 0
0 0 0.126126 0 0 0 0 0 0 0 0
0 0 0.0855668 0 0 0 0 0 0 0 0
0 0 0.124074 0 0 0 0 0 0 0 0
0 0 0.217095 0 0 0 0 0 0 0 0
0 0 0.165333 0 0 0 0 0 0 0 0
0 0 0.126126 0 0 0 0 0 0 0 0
0 0 0.0857333 0 0 0 0 0 0 0 0
0 0 0.217852 0 0 0 0 0 0 0 0
0 0 0.165333 0 0 0 0 0 0 0 0
0 0 0.126126 0 0 0 0 0 0 0 0
0 0 0.0857333 0 0 0 0 0 0 0 0
0 0 0.217095 0 0 0 0 0 0 0 0
0 0 0.165333 0 0 0 0 0 0 0 0
0 0 0.126126 0 0 0 0 0 0 0 0
0 0 0.0857333 0 0 0 0 0 0 0 0
0 0 0.217095 0 0 0 0 0 0 0 0
0 0 0.165333 0 0 0 0 0 0 0 0
0 0 0.126126 0 0 0 0 0 0 0 0
0 0 0.0856501 0 0 0 0 0 0 0 0
0 0 0.124074 0 0 0 0 0 0 0 0
0 0 0.145678 0 0 0 0 0 0 0 0
0 0 0.18482 0 0 0 0 0 0 0 0
0 0 0.136558 0 0 0 0 0 0 0 0
0 0 0 0 0 0 0 0 0 0 0
0 0 0.0884686 0 0 0 0 0 0 0 0
0 0 0.128961 0 0 0 0 0 0 0 0
0 0 0.0942835 0 0 0 0 0 0 0 0
0 0 0 0 0 0 0 0 0 0 0
0 0 0 0 0 0 0 0 0 0 0
0 0 0.176365 0 0 0 0 0 0 0 0
0 0 0.247314 0 0 0 0 0 0 0 0
0 0 0.184096 0 0 0 0 0 0 0 0
0 0 0.227258 0 0 0 0 0 0 0 0
0 0 0 0 0 0 0 0 0 0 0
0 0 0.070578 0 0 0 0 0 0 0 0
0 0 0.165077 0 0 0 0 0 0 0 0
0 0 0.220118 0 0 0 0 0 0 0 0
0 0 0.145477 0 0 0 0 0 0 0 0
0 0 0.187006 0 0 0 0 0 0 0 0
0 0 0.136558 0 0 0 0 0 0 0 0
0 0 0 0 0 0 0 0 0 0 0
0 0 0.0704337 0 0 0 0 0 0 0 0
0 0 0.170235 0 0 0 0 0 0 0 0
0 0 0.214439 0 0 0 0 0 0 0 0
0 0 0 0 0 0 0 0 0 0 0
0 0 0.0890595 0 0 0 0 0 0 0 0
0 0 0.128224 0 0 0 0 0 0 0 0
0 0 0.094085 0 0 0 0 0 0 0 0
0 0 0 0 0 0 0 0 0 0 0
0 0 0 0 0 0 0 0 0 0 0
0 0 0 0 0 0 0 0 0 0 0
0 0 0 0 0 0 0 0 0 0 0
0 0 0 0 0 0 0 0 0 0 0
0 0 0.175309 0 0 0 0 0 0 0 0
0 0 0.244385 0 0 0 0 0 0 0 0
0 0 0.184819 0 0 0 0 0 0 0 0
0 0 0.226591 0 0 0 0 0 0 0 0
0 0 0.204188 0 0 0 0 0 0 0 0
0 0 0 0 0 0 0 0 0 0 0
0 0 0 0 0 0 0 0 0 0 0
0 0 0 0 0 0 0 0 0 0 0
0 0 0.1386 0 0 0 0 0 0 0 0
0 0 0 0 0 0 0 0 0 0 0
0 0 0 0 0 0 0 0 0 0 0
0 0 0 0 0 0 0 0 0 0 0
0 0 0 0 0 0 0 0 0 0 0
0 0 0.0415864 0 0 0 0 0 0 0 0
0 0 0 0 0 0 0 0 0 0 0
0 0 0 0 0 0 0 0 0 0 0
0 0 0 0 0 0 0 0 0 0 0
0 0 0.0761213 0 0 0 0 0 0 0 0
0 0 0.293986 0 0 0 0 0 0 0 0
0 0 0.220905 0 0 0 0 0 0 0 0
0 0 0 0 0 0 0 0 0 0 0
0 0 0 0 0 0 0 0 0 0 0
0 0 0 0 0 0 0 0 0 0 0
0 0 0 0 0 0 0 0 0 0 0
0 0 0.1386 0 0 0 0 0 0 0 0
0 0 0 0 0 0 0 0 0 0 0
0 0 0 0 0 0 0 0 0 0 0
0 0 0 0 0 0 0 0 0 0 0
0 0 0 0 0 0 0 0 0 0 0
0 0 0.0416528 0 0 0 0 0 0 0 0
0 0 0 0 0 0 0 0 0 0 0
0 0 0 0 0 0 0 0 0 0 0
0 0 0 0 0 0 0 0 0 0 0
0 0 0.0758054 0 0 0 0 0 0 0 0
0 0 0.294181 0 0 0 0 0 0 0 0
0 0 0.220905 0 0 0 0 0 0 0 0
0 0 0 0 0 0 0 0 0 0 0
0 0 0 0 0 0 0 0 0 0 0
0 0 0 0 0 0 0 0 0 0 0
0 0 0 0 0 0 0 0 0 0 0
0 0 0.1386 0 0 0 0 0 0 0 0
0 0 0 0 0 0 0 0 0 0 0
0 0 0 0 0 0 0 0 0 0 0
0 0 0 0 0 0 0 0 0 0 0
0 0 0 0 0 0 0 0 0 0 0
0 0 0.0416528 0 0 0 0 0 0 0 0
0 0 0 0 0 0 0 0 0 0 0
0 0 0 0 0 0 0 0 0 0 0
0 0 0 0 0 0 0 0 0 0 0
0 0 0.0754896 0 0 0 0 0 0 0 0
0 0 0.294181 0 0 0 0 0 0 0 0
0 0 0.220905 0 0 0 0 0 0 0 0
0 0 0 0 0 0 0 0 0 0 0
0 0 0.179796 0 0 0 0 0 0 0 0
0 0 0 0 0 0 0 0 0 0 0
0 0 0.0550997 0 0 0 0 0 0 0 0
0 0 0 0 0 0 0 0 0 0 0
0 0 0 0 0 0 0 0 0 0 0
0 0 0 0 0 0 0 0 0 0 0
0 0 0 0 0 0 0 0 0 0 0
0 0 0 0 0 0 0 0 0 0 0
1 0 0.197775 0 0 0 0 15.18 9.55 100 0
0 0 0 0 0 0 0 0 0 0 0
0 0 0 0 0 0 0 0 0 0 0
0 0 0.0412148 0 0 0 0 0 0 0 0
0 0 0.0598753 0 0 0 0 0 0 0 0
0 0 0.144963 0 0 0 0 0 0 0 0
0 0 0.0367303 0 0 0 0 0 0 0 0
0 0 0.0367303 0 0 0 0 0 0 0 0
0 0 0.0367303 0 0 0 0 0 0 0 0
0 0 0 0 0 0 0 0 0 0 0
0 0 0 0 0 0 0 0 0 0 0
0 0 0 0 0 0 0 0 0 0 0
0 0 0 0 0 0 0 0 0 0 0
0 0 0 0 0 0 0 0 0 0 0
0 0 0.160457 0 0 0 0 0 0 0 0
0 0 0 0 0 0 0 0 0 0 0
0 0 0.131351 0 0 0 0 0 0 0 0
0 0 0 0 0 0 0 0 0 0 0
0 0 0 0 0 0 0 0 0 0 0
0 0 0.191508 0 0 0 0 0 0 0 0
0 0 0.191674 0 0 0 0 0 0 0 0
0 0 0 0 0 0 0 0 0 0 0
0 0 0 0 0 0 0 0 0 0 0
0 0 0 0 0 0 0 0 0 0 0
0 0 0.0788827 0 0 0 0 0 0 0 0
0 0 0 0 0 0 0 0 0 0 0
0 0 0.0564865 0 0 0 0 0 0 0 0
0 0 0 0 0 0 0 0 0 0 0
0 0 0 0 0 0 0 0 0 0 0
0 0 0 0 0 0 0 0 0 0 0
0 0 0 0 0 0 0 0 0 0 0
0 0 0 0 0 0 0 0 0 0 0
0 0 0.117284 0 0 0 0 0 0 0 0
0 0 0.148273 0 0 0 0 0 0 0 0
0 0 0.205974 0 0 0 0 0 0 0 0
0 0 0.160515 0 0 0 0 0 0 0 0
0 0 0 0 0 0 0 0 0 0 0
0 0 0 0 0 0 0 0 0 0 0
0 0 0.170187 0 0 0 0 0 0 0 0
0 0 0 0 0 0 0 0 0 0 0
0 0 0 0 0 0 0 0 0 0 0
0 0 0 0 0 0 0 0 0 0 0
0 0 0 0 0 0 0 0 0 0 0
0 0 0 0 0 0 0 0 0 0 0
0 0 0 0 0 0 0 0 0 0 0
0 0 0 0 0 0 0 0 0 0 0
0 0 0 0 0 0 0 0 0 0 0
0 0 0.187719 0 0 0 0 0 0 0 0
0 0 0.10051 0 0 0 0 0 0 0 0
0 0 0.176944 0 0 0 0 0 0 0 0
0 0 0.0458687 0 0 0 0 0 0 0 0
0 0 0.0451365 0 0 0 0 0 0 0 0
0 0 0.127451 0 0 0 0 0 0 0 0
1 1 0.108761 0 0 0 0 8.75 4.94 100 0
0 0 0.101562 0 0 0 0 0 0 0 0
0 0 0.103839 0 0 0 0 0 0 0 0
0 0 0.131081 0 0 0 0 0 0 0 0
0 0 0.139744 0 0 0 0 0 0 0 0
0 0 0.0668803 0 0 0 0 0 0 0 0
0 0 0.12367 0 0 0 0 0 0 0 0
0 0 0.24408 0 0 0 0 0 0 0 0
0 0 0.207904 0 0 0 0 0 0 0 0
0 0 0.191558 0 0 0 0 0 0 0 0
0 0 0.153948 0 0 0 0 0 0 0 0
0 0 0.119213 0 0 0 0 0 0 0 0
0 0 0.1125 0 0 0 0 0 0 0 0
0 0 0.153962 0 0 0 0 0 0 0 0
0 0 0.179623 0 0 0 0 0 0 0 0
0 0 0.140409 0 0 0 0 0 0 0 0
0 0 0.0888055 0 0 0 0 0 0 0 0
0 0 0.225241 0 0 0 0 0 0 0 0
0 0 0 0 0 0 0 0 0 0 0
0 0 0 0 0 0 0 0 0 0 0
0 0 0 0 0 0 0 0 0 0 0
0 0 0 0 0 0 0 0 0 0 0
0 0 0.149278 0 0 0 0 0 0 0 0
0 0 0 0 0 0 0 0 0 0 0
0 0 0 0 0 0 0 0 0 0 0
0 0 0 0 0 0 0 0 0 0 0
0 0 0 0 0 0 0 0 0 0 0
0 0 0 0 0 0 0 0 0 0 0
0 0 0 0 0 0 0 0 0 0 0
0 0 0 0 0 0 0 0 0 0 0
1 1 0.235131 0 0 0 0 14.23 9.62 100 0
0 0 0 0 0 0 0 0 0 0 0
0 0 0 0 0 0 0 0 0 0 0
0 0 0 0 0 0 0 0 0 0 0
0 0 0 0 0 0 0 0 0 0 0
0 0 0 0 0 0 0 0 0 0 0
0 0 0 0 0 0 0 0 0 0 0
0 0 0 0 0 0 0 0 0 0 0
0 0 0 0 0 0 0 0 0 0 0
0 0 0 0 0 0 0 0 0 0 0
0 0 0 0 0 0 0 0 0 0 0
0 0 0 0 0 0 0 0 0 0 0
0 0 0 0 0 0 0 0 0 0 0
0 0 0 0 0 0 0 0 0 0 0
0 0 0 0 0 0 0 0 0 0 0
0 0 0 0 0 0 0 0 0 0 0
0 0 0 0 0 0 0 0 0 0 0
0 0 0 0 0 0 0 0 0 0 0
0 0 0 0 0 0 0 0 0 0 0
0 0 0 0 0 0 0 0 0 0 0
0 0 0.24283 0 0 0 0 0 0 0 0
0 0 0.161685 0 0 0 0 0 0 0 0
0 0 0.185464 0 0 0 0 0 0 0 0
0 0 0.176796 0 0 0 0 0 0 0 0
0 0 0.204539 0 0 0 0 0 0 0 0
0 0 0 0 0 0 0 0 0 0 0
0 0 0.149533 0 0 0 0 0 0 0 0
0 0 0.116114 0 0 0 0 0 0 0 0
0 0 0.157248 0 0 0 0 0 0 0 0
0 0 0.116114 0 0 0 0 0 0 0 0
0 0 0.157248 0 0 0 0 0 0 0 0
0 0 0.0836427 0 0 0 0 0 0 0 0
0 0 0.107417 0 0 0 0 0 0 0 0
0 0 0.078707 0 0 0 0 0 0 0 0
0 0 0.158807 0 0 0 0 0 0 0 0
0 0 0.124171 0 0 0 0 0 0 0 0
0 0 0.0769231 0 0 0 0 0 0 0 0
0 0 0.0695679 0 0 0 0 0 0 0 0
0 0 0.152288 0 0 0 0 0 0 0 0
0 0 0.124171 0 0 0 0 0 0 0 0
0 0 0.0228995 0 0 0 0 0 0 0 0
0 0 0.0971692 0 0 0 0 0 0 0 0
0 0 0.179035 0 0 0 0 0 0 0 0
0 0 0.143037 0 0 0 0 0 0 0 0
0 0 0 0 0 0 0 0 0 0 0
0 0 0 0 0 0 0 0 0 0 0
0 0 0.0114418 0 0 0 0 0 0 0 0
1 1 0.217753 0 0 0 0 15.38 10.28 100 0
0 0 0.107417 0 0 0 0 0 0 0 0
0 0 0.0790583 0 0 0 0 0 0 0 0
0 0 0.159154 0 0 0 0 0 0 0 0
0 0 0.124171 0 0 0 0 0 0 0 0
0 0 0.0758242 0 0 0 0 0 0 0 0
0 0 0.0692614 0 0 0 0 0 0 0 0
0 0 0.152288 0 0 0 0 0 0 0 0
0 0 0.124171 0 0 0 0 0 0 0 0
0 0 0 0 0 0 0 0 0 0 0
0 0 0 0 0 0 0 0 0 0 0
0 0 0.121091 0 0 0 0 0 0 0 0
0 0 0.186898 0 0 0 0 0 0 0 0
0 0 0 0 0 0 0 0 0 0 0
0 0 0 0 0 0 0 0 0 0 0
0 0 0 0 0 0 0 0 0 0 0
1 0 0.285714 0 0 0 0 10.23 5.74 83.33 0
0 0 0 0 0 0 0 0 0 0 0
0 0 0.134925 0 0 0 0 0 0 0 0
0 0 0 0 0 0 0 0 0 0 0
0 0 0 0 0 0 0 0 0 0 0
0 0 0 0 0 0 0 0 0 0 0
0 0 0 0 0 0 0 0 0 0 0
0 0 0.127976 0 0 0 0 0 0 0 0
0 0 0.183024 0 0 0 0 0 0 0 0
0 0 0.216336 0 0 0 0 0 0 0 0
0 0 0.166667 0 0 0 0 0 0 0 0
0 0 0.25 0 0 0 0 0 0 0 0
0 0 0.0417409 0 0 0 0 0 0 0 0
0 0 0.127976 0 0 0 0 0 0 0 0
0 0 0.183024 0 0 0 0 0 0 0 0
0 0 0.216336 0 0 0 0 0 0 0 0
0 0 0.166667 0 0 0 0 0 0 0 0
0 0 0.25 0 0 0 0 0 0 0 0
0 0 0 0 0 0 0 0 0 0 0
0 0 0.161765 0 0 0 0 0 0 0 0
0 0 0.107417 0 0 0 0 0 0 0 0
0 0 0.078707 0 0 0 0 0 0 0 0
0 0 0.159154 0 0 0 0 0 0 0 0
0 0 0.124171 0 0 0 0 0 0 0 0
0 0 0.0758242 0 0 0 0 0 0 0 0
0 0 0.0695679 0 0 0 0 0 0 0 0
0 0 0.152288 0 0 0 0 0 0 0 0
0 0 0.124171 0 0 0 0 0 0 0 0
0 0 0.174419 0 0 0 0 0 0 0 0
0 0 0.190211 0 0 0 0 0 0 0 0
0 0 0.116667 0 0 0 0 0 0 0 0
0 0 0.123595 0 0 0 0 0 0 0 0
0 0 0.129496 0 0 0 0 0 0 0 0
0 0 0.20524 0 0 0 0 0 0 0 0
1 0 0.169231 0 0 0 0 14.46 9.25 100 0
0 0 0.149354 0 0 0 0 0 0 0 0
0 0 0.0788863 0 0 0 0 0 0 0 0
1 1 0.223636 0 0 0 0 13.88 10.05 100 0
1 1 0.114525 0 0 0 0 13.42 9.2 100 0
1 1 0.20983 0 0 0 0 14.06 9.64 100 0
1 1 0.20983 0 0 0 0 14.06 9.64 100 0
1 0 0.19279 0 0 0 0 13.6 8.65 100 0
1 0 0.197133 0 0 0 0 14.16 8.83 100 0
1 1 0.157095 0 0 0 0 14.02 9.2 100 0
0 0 0.16581 0 0 0 0 0 0 0 0
0 0 0.180668 0 0 0 0 0 0 0 0
0 0 0.178082 0 0 0 0 0 0 0 0
0 0 0.117916 0 0 0 0 0 0 0 0
0 0 0.269888 0 0 0 0 0 0 0 0
0 0 0.0730733 0 0 0 0 0 0 0 0
0 0 0.13615 0 0 0 0 0 0 0 0
0 0 0.139452 0 0 0 0 0 0 0 0
0 0 0.234153 0 0 0 0 0 0 0 0
0 0 0.163158 0 0 0 0 0 0 0 0
0 0 0.150685 0 0 0 0 0 0 0 0
0 0 0.187124 0 0 0 0 0 0 0 0
0 0 0.23173 0 0 0 0 0 0 0 0
0 0 0.1934 0 0 0 0 0 0 0 0
0 0 0.133231 0 0 0 0 0 0 0 0
0 0 0.139918 0 0 0 0 0 0 0 0
0 0 0.248219 0 0 0 0 0 0 0 0
0 0 0.231595 0 0 0 0 0 0 0 0
0 0 0.192844 0 0 0 0 0 0 0 0
0 0 0.216362 0 0 0 0 0 0 0 0
0 0 0.185671 0 0 0 0 0 0 0 0
0 0 0.184476 0 0 0 0 0 0 0 0
1 1 0.207661 0 0 0 0 16.15 11.05 87.5 0
1 1 0.207661 0 0 0 0 16.4 11.36 87.5 0
0 0 0.109175 0 0 0 0 0 0 0 0
0 0 0.198187 0 0 0 0 0 0 0 0
0 0 0.200474 0 0 0 0 0 0 0 0
1 0 0.14 0 0 0 0 0 0 0 0
0 0 0.215557 0 0 0 0 0 0 0 0
0 0 0.159061 0 0 0 0 0 0 0 0
1 0 0.158621 0 0 0 0 0 0 0 0
0 0 0 0 0 0 0 0 0 0 0
1 1 0.147059 0 0 0 0 13.95 8.44 0 0
0 0 0.174312 0 0 0 0 0 0 0 0
1 0 0.217105 0 0 0 0 14.08 8.54 81.82 0
0 0 0.182207 0 0 0 0 0 0 0 0
0 0 0.14658 0 0 0 0 0 0 0 0
0 0 0.111064 0 0 0 0 0 0 0 0
0 0 0.132391 0 0 0 0 0 0 0 0
1 1 0.134921 0 0 0 0 8.88 5.96 100 0
1 1 0.164557 0 0 0 0 8.49 5.49 0 0
1 0 0.0879713 0 0 0 0 8.71 5.61 100 0
0 0 0.262175 0 0 0 0 0 0 0 0
1 1 0.132037 0 0 0 0 9.09 6.35 0 0
0 0 0.0753205 0 0 0 0 0 0 0 0
0 0 0.0882353 0 0 0 0 0 0 0 0
0 0 0.0570503 0 0 0 0 0 0 0 0
0 0 0.162271 0 0 0 0 0 0 0 0
0 0 0.20033 0 0 0 0 0 0 0 0
0 0 0.115361 0 0 0 0 0 0 0 0
0 0 0.200924 0 0 0 0 0 0 0 0
0 0 0.203233 0 0 0 0 0 0 0 0
0 0 0.175309 0 0 0 0 0 0 0 0
0 0 0.1425 0 0 0 0 0 0 0 0
0 0 0.117209 0 0 0 0 0 0 0 0
0 0 0.114878 0 0 0 0 0 0 0 0
0 0 0.191558 0 0 0 0 0 0 0 0
0 0 0.181152 0 0 0 0 0 0 0 0
0 0 0.173868 0 0 0 0 0 0 0 0
0 0 0.231321 0 0 0 0 0 0 0 0
0 0 0.111685 0 0 0 0 0 0 0 0
0 0 0.183556 0 0 0 0 0 0 0 0
0 0 0.184691 0 0 0 0 0 0 0 0
0 0 0.165143 0 0 0 0 0 0 0 0
0 0 0.190269 0 0 0 0 0 0 0 0
0 0 0 0 0 0 0 0 0 0 0
0 0 0 0 0 0 0 0 0 0 0
0 0 0 0 0 0 0 0 0 0 0
0 0 0.0753205 0 0 0 0 0 0 0 0
0 0 0.0882353 0 0 0 0 0 0 0 0
0 0 0.0564435 0 0 0 0 0 0 0 0
0 0 0.162271 0 0 0 0 0 0 0 0
0 0 0.20033 0 0 0 0 0 0 0 0
0 0 0.115361 0 0 0 0 0 0 0 0
0 0 0.200924 0 0 0 0 0 0 0 0
0 0 0.203233 0 0 0 0 0 0 0 0
0 0 0.175309 0 0 0 0 0 0 0 0
0 0 0.1425 0 0 0 0 0 0 0 0
0 0 0.117209 0 0 0 0 0 0 0 0
0 0 0.114878 0 0 0 0 0 0 0 0
0 0 0.191558 0 0 0 0 0 0 0 0
0 0 0.181152 0 0 0 0 0 0 0 0
0 0 0.173868 0 0 0 0 0 0 0 0
0 0 0.231743 0 0 0 0 0 0 0 0
0 0 0.111685 0 0 0 0 0 0 0 0
0 0 0.183556 0 0 0 0 0 0 0 0
0 0 0.184691 0 0 0 0 0 0 0 0
0 0 0.165143 0 0 0 0 0 0 0 0
0 0 0.190269 0 0 0 0 0 0 0 0
0 0 0 0 0 0 0 0 0 0 0
0 0 0 0 0 0 0 0 0 0 0
0 0 0 0 0 0 0 0 0 0 0
0 0 0.0753205 0 0 0 0 0 0 0 0
0 0 0.0882353 0 0 0 0 0 0 0 0
0 0 0.0564435 0 0 0 0 0 0 0 0
0 0 0.162271 0 0 0 0 0 0 0 0
0 0 0.20033 0 0 0 0 0 0 0 0
0 0 0.115361 0 0 0 0 0 0 0 0
0 0 0.200924 0 0 0 0 0 0 0 0
0 0 0.203233 0 0 0 0 0 0 0 0
0 0 0.175309 0 0 0 0 0 0 0 0
0 0 0.1425 0 0 0 0 0 0 0 0
0 0 0.117209 0 0 0 0 0 0 0 0
0 0 0.114878 0 0 0 0 0 0 0 0
0 0 0.191558 0 0 0 0 0 0 0 0
0 0 0.181152 0 0 0 0 0 0 0 0
0 0 0.173868 0 0 0 0 0 0 0 0
0 0 0.231321 0 0 0 0 0 0 0 0
0 0 0.111685 0 0 0 0 0 0 0 0
0 0 0.183556 0 0 0 0 0 0 0 0
0 0 0.184691 0 0 0 0 0 0 0 0
0 0 0.165143 0 0 0 0 0 0 0 0
0 0 0.190269 0 0 0 0 0 0 0 0
0 0 0 0 0 0 0 0 0 0 0
0 0 0 0 0 0 0 0 0 0 0
0 0 0 0 0 0 0 0 0 0 0
0 0 0.0753205 0 0 0 0 0 0 0 0
0 0 0.0882353 0 0 0 0 0 0 0 0
0 0 0.0564435 0 0 0 0 0 0 0 0
0 0 0.162271 0 0 0 0 0 0 0 0
0 0 0.20033 0 0 0 0 0 0 0 0
0 0 0.115361 0 0 0 0 0 0 0 0
0 0 0.200924 0 0 0 0 0 0 0 0
0 0 0.203233 0 0 0 0 0 0 0 0
0 0 0.175309 0 0 0 0 0 0 0 0
0 0 0.1425 0 0 0 0 0 0 0 0
0 0 0.117209 0 0 0 0 0 0 0 0
0 0 0.114878 0 0 0 0 0 0 0 0
0 0 0.191558 0 0 0 0 0 0 0 0
0 0 0.181152 0 0 0 0 0 0 0 0
0 0 0.173868 0 0 0 0 0 0 0 0
0 0 0.231321 0 0 0 0 0 0 0 0
0 0 0.111685 0 0 0 0 0 0 0 0
0 0 0.183556 0 0 0 0 0 0 0 0
0 0 0.184691 0 0 0 0 0 0 0 0
0 0 0.165143 0 0 0 0 0 0 0 0
0 0 0.190269 0 0 0 0 0 0 0 0
0 0 0 0 0 0 0 0 0 0 0
0 0 0 0 0 0 0 0 0 0 0
0 0 0 0 0 0 0 0 0 0 0
0 0 0.0753205 0 0 0 0 0 0 0 0
0 0 0.0882353 0 0 0 0 0 0 0 0
0 0 0.0570503 0 0 0 0 0 0 0 0
0 0 0.162271 0 0 0 0 0 0 0 0
0 0 0.20033 0 0 0 0 0 0 0 0
0 0 0.115361 0 0 0 0 0 0 0 0
0 0 0.200924 0 0 0 0 0 0 0 0
0 0 0.203233 0 0 0 0 0 0 0 0
0 0 0.175309 0 0 0 0 0 0 0 0
0 0 0.1425 0 0 0 0 0 0 0 0
0 0 0.117209 0 0 0 0 0 0 0 0
0 0 0.114878 0 0 0 0 0 0 0 0
0 0 0.191558 0 0 0 0 0 0 0 0
0 0 0.181152 0 0 0 0 0 0 0 0
0 0 0.173868 0 0 0 0 0 0 0 0
0 0 0.231321 0 0 0 0 0 0 0 0
0 0 0.111685 0 0 0 0 0 0 0 0
0 0 0.183556 0 0 0 0 0 0 0 0
0 0 0.184691 0 0 0 0 0 0 0 0
0 0 0.165143 0 0 0 0 0 0 0 0
0 0 0.190269 0 0 0 0 0 0 0 0
0 0 0 0 0 0 0 0 0 0 0
0 0 0 0 0 0 0 0 0 0 0
0 0 0 0 0 0 0 0 0 0 0
