0.157856 0.647937 0.216427 0.027927 0.041171
0.157122 0.650669 0.216427 0.027927 0.041171
0.157122 0.650411 0.216427 0.027927 0.041171
0.000000 0.000000 0.250000 0.000000 0.000000
0.166026 0.710881 0.222083 0.076940 0.105141
0.157714 0.677251 0.245907 0.028079 0.037973
0.162471 0.673579 0.234413 0.028079 0.039092
0.199662 0.677607 0.131316 0.031789 0.048366
0.156028 0.647133 0.228315 0.046467 0.057399
0.051252 0.678741 0.159164 0.029892 0.044933
0.051199 0.694536 0.169591 0.018970 0.029143
0.115670 0.740928 0.261820 0.064064 0.084004
0.249412 0.763625 0.272758 0.160169 0.210315
0.163565 0.679298 0.225248 0.007390 0.010052
0.156987 0.612630 0.350565 0.010449 0.018337
0.191886 0.648603 0.213975 0.004325 0.006517
0.085276 0.691166 0.145417 0.011859 0.015675
0.145585 0.685806 0.128326 0.017786 0.037214
0.186992 0.616861 0.255275 0.002866 0.004140
0.000000 0.000000 0.250000 0.000000 0.000000
0.000000 0.000000 0.250000 0.000000 0.000000
0.098369 0.657259 0.263342 0.050539 0.067768
0.118017 0.726101 0.203050 0.051861 0.071672
0.091417 0.617017 0.212167 0.016348 0.022835
0.112994 0.647209 0.368566 0.086063 0.106449
0.110803 0.632364 0.349354 0.076627 0.100783
0.152432 0.618299 0.099124 0.003830 0.006304
0.186495 0.620323 0.117144 0.015194 0.022942
0.228009 0.688530 0.244306 0.057173 0.068361
0.199336 0.673573 0.152168 0.036560 0.048574
0.207921 0.676737 0.289605 0.067874 0.074961
0.149383 0.667629 0.151419 0.040175 0.044422
0.127025 0.682950 0.131982 0.022170 0.028113
0.180254 0.667136 0.161983 0.042845 0.061831
0.221292 0.699411 0.202878 0.053803 0.064980
0.168067 0.682414 0.218161 0.045434 0.057721
0.000000 0.000000 0.250000 0.000000 0.000000
0.061308 0.655387 0.396229 0.069317 0.082807
0.150611 0.638516 0.240724 0.003603 0.006609
0.008490 0.604338 0.293960 0.000462 0.000818
0.136997 0.633020 0.261832 0.006762 0.010036
0.046136 0.666742 0.215339 0.015354 0.023616
0.216061 0.724752 0.145643 0.069832 0.110363
0.268966 0.687475 0.240090 0.037496 0.060600
0.191564 0.668617 0.178401 0.022486 0.050563
0.169435 0.676644 0.203706 0.039239 0.059337
0.139315 0.665696 0.182117 0.021957 0.041586
0.137280 0.676932 0.119486 0.020312 0.031311
0.112712 0.647411 0.160750 0.008926 0.014280
0.118280 0.704963 0.269330 0.030329 0.041259
0.170051 0.700652 0.229666 0.054358 0.080096
0.167513 0.692678 0.229666 0.054358 0.080096
0.183794 0.679610 0.156192 0.011504 0.018643
0.218472 0.683971 0.257897 0.005692 0.009900
0.119532 0.652303 0.249999 0.022515 0.033968
0.151042 0.699901 0.368133 0.047604 0.066883
0.104545 0.685271 0.342215 0.034418 0.050630
0.151383 0.702281 0.227812 0.055660 0.083747
0.084716 0.626659 0.059884 0.022201 0.030841
0.165919 0.689547 0.281012 0.025558 0.041962
0.177326 0.632057 0.297961 0.016059 0.020648
0.182081 0.651704 0.297961 0.016059 0.020648
0.146628 0.659806 0.310289 0.016981 0.021146
0.143695 0.662578 0.310289 0.016981 0.021146
0.114943 0.674442 0.346714 0.014945 0.020111
0.099415 0.649643 0.346714 0.014945 0.020111
0.268775 0.704070 0.107163 0.087259 0.114059
0.152047 0.669558 0.406781 0.044979 0.071527
0.148936 0.639062 0.091767 0.029947 0.057028
0.230769 0.688492 0.145789 0.053036 0.081056
0.204348 0.677407 0.283969 0.079191 0.125743
0.184433 0.634684 0.192182 0.010392 0.020267
0.183704 0.670147 0.139996 0.071006 0.127535
0.171153 0.664210 0.234246 0.048909 0.080036
0.223087 0.695473 0.331110 0.113733 0.167019
0.223840 0.632816 0.250746 0.016714 0.029133
0.157422 0.630080 0.151481 0.007457 0.014449
0.172992 0.616380 0.145828 0.012962 0.029390
0.195953 0.646578 0.199544 0.040518 0.072253
0.193362 0.637056 0.129926 0.012624 0.024556
0.169319 0.688458 0.180634 0.028784 0.054151
0.154040 0.719060 0.506793 0.054694 0.089172
0.188133 0.713301 0.094777 0.047188 0.066155
0.046136 0.668338 0.215339 0.015354 0.023616
0.213483 0.717435 0.179631 0.099153 0.147602
0.232882 0.720258 0.201203 0.076666 0.117256
0.268966 0.687475 0.240090 0.037496 0.060600
0.191564 0.668617 0.178401 0.022486 0.050563
0.169435 0.677426 0.203706 0.039239 0.059337
0.139571 0.665963 0.182117 0.021957 0.041586
0.137920 0.677606 0.119486 0.020312 0.031311
0.112712 0.649308 0.160750 0.008926 0.014280
0.118280 0.704963 0.269330 0.030329 0.041259
0.170051 0.700652 0.229666 0.054358 0.080096
0.167513 0.692678 0.229666 0.054358 0.080096
0.183794 0.679610 0.156192 0.011504 0.018643
0.218472 0.683971 0.257897 0.005692 0.009900
0.119532 0.652448 0.249999 0.022515 0.033968
0.151042 0.699901 0.368133 0.047604 0.066883
0.104545 0.685288 0.342215 0.034418 0.050630
0.151251 0.702872 0.228609 0.055510 0.083538
0.084716 0.627207 0.059884 0.022201 0.030841
0.165919 0.689547 0.281012 0.025558 0.041962
0.177326 0.632057 0.297961 0.016059 0.020648
0.182081 0.651704 0.297961 0.016059 0.020648
0.146628 0.659806 0.310289 0.016981 0.021146
0.143695 0.662578 0.310289 0.016981 0.021146
0.114943 0.674442 0.346714 0.014945 0.020111
0.099415 0.649643 0.346714 0.014945 0.020111
0.268775 0.704070 0.107163 0.087259 0.114059
0.152047 0.669558 0.406781 0.044979 0.071527
0.148936 0.639062 0.091767 0.029947 0.057028
0.230769 0.688492 0.145789 0.053036 0.081056
0.204348 0.677407 0.283969 0.079191 0.125743
0.184433 0.634684 0.192182 0.010392 0.020267
0.183704 0.670147 0.139996 0.071006 0.127535
0.171153 0.664210 0.234246 0.048909 0.080036
0.221790 0.695426 0.331110 0.109736 0.165402
0.223840 0.632816 0.250746 0.016714 0.029133
0.157422 0.632118 0.151481 0.007457 0.014449
0.172992 0.615749 0.145828 0.012962 0.029390
0.194888 0.645438 0.199544 0.037805 0.071385
0.193362 0.637056 0.129926 0.012624 0.024556
0.169070 0.686606 0.180634 0.028784 0.054151
0.154040 0.719060 0.506793 0.054694 0.089172
0.187410 0.713740 0.094777 0.047188 0.066155
0.000000 0.000000 0.250000 0.000000 0.000000
0.083407 0.641198 0.114985 0.011378 0.018610
0.000000 0.000000 0.250000 0.000000 0.000000
0.220026 0.715181 0.213743 0.071692 0.095693
0.195326 0.684010 0.248239 0.064422 0.079238
0.141907 0.694932 0.314364 0.006581 0.008889
0.179612 0.685721 0.246078 0.014183 0.021861
0.178439 0.641216 0.126306 0.034679 0.044371
0.250996 0.736246 0.414307 0.087005 0.114495
0.127660 0.623555 0.335445 0.030395 0.049589
0.237179 0.709026 0.150665 0.065299 0.073943
0.228985 0.671696 0.074420 0.007191 0.011821
0.243553 0.665133 0.107442 0.007191 0.011261
0.198966 0.657084 0.145103 0.031084 0.040245
0.170397 0.737687 0.368274 0.093113 0.112861
0.095413 0.690686 0.325931 0.042258 0.056116
0.057655 0.610620 0.283879 0.016899 0.026478
0.086555 0.699800 0.246261 0.040134 0.054487
0.160902 0.629599 0.188283 0.011932 0.018720
0.223919 0.680389 0.195074 0.036374 0.045145
0.170872 0.645714 0.308986 0.021031 0.028109
0.227000 0.634522 0.208646 0.032705 0.049445
0.176606 0.631138 0.302603 0.017973 0.025036
0.187811 0.683520 0.303098 0.062935 0.081462
0.078335 0.632131 0.392854 0.042908 0.056612
0.115159 0.627210 0.145703 0.039059 0.056960
0.113179 0.616853 0.140009 0.025948 0.036481
0.138725 0.636846 0.113622 0.012839 0.020637
0.216769 0.632873 0.139868 0.012562 0.017944
0.098592 0.619606 0.238967 0.008681 0.012025
0.094136 0.679416 0.126757 0.029227 0.037472
0.152755 0.676367 0.197745 0.024019 0.037144
0.115159 0.626779 0.145703 0.039059 0.056960
0.113179 0.617921 0.140009 0.025948 0.036481
0.138725 0.636257 0.113622 0.012839 0.020637
0.216769 0.633087 0.140199 0.013268 0.018899
0.098592 0.620243 0.238967 0.008681 0.012025
0.094136 0.679659 0.126757 0.029227 0.037472
0.152755 0.676142 0.197745 0.024019 0.037144
0.115159 0.627278 0.145703 0.039059 0.056960
0.113179 0.616881 0.140009 0.025948 0.036481
0.138725 0.636431 0.113622 0.012839 0.020637
0.216769 0.632873 0.139868 0.012562 0.017944
0.098592 0.619937 0.238967 0.008681 0.012025
0.094136 0.679899 0.126757 0.029227 0.037472
0.152755 0.676569 0.197745 0.024019 0.037144
0.115159 0.627121 0.145703 0.039059 0.056960
0.113924 0.617496 0.140009 0.025948 0.036481
0.139315 0.636608 0.113622 0.012839 0.020637
0.216769 0.633087 0.140199 0.013268 0.018899
0.098592 0.619248 0.238967 0.008681 0.012025
0.094136 0.679746 0.126757 0.029227 0.037472
0.152755 0.675581 0.197745 0.024019 0.037144
0.116334 0.627541 0.145703 0.039059 0.056960
0.112435 0.617597 0.140009 0.025948 0.036481
0.138725 0.636190 0.113622 0.012839 0.020637
0.216769 0.632873 0.139868 0.012562 0.017944
0.098592 0.620087 0.238967 0.008681 0.012025
0.094136 0.679938 0.126757 0.029227 0.037472
0.152755 0.675785 0.197745 0.024019 0.037144
0.000000 0.000000 0.250000 0.000000 0.000000
0.256021 0.696263 0.251554 0.114870 0.164905
0.126186 0.650362 0.282246 0.036677 0.048536
0.265121 0.718513 0.271511 0.097531 0.141119
0.168504 0.666008 0.276989 0.080094 0.112850
0.228507 0.711622 0.222924 0.060133 0.074725
0.104590 0.646861 0.335974 0.047890 0.064947
0.069841 0.616165 0.636360 0.073965 0.096268
0.120739 0.659533 0.263011 0.025583 0.037856
0.187328 0.672671 0.167084 0.054056 0.079718
0.176000 0.694756 0.140344 0.049839 0.073253
0.000000 0.000000 0.250000 0.000000 0.000000
0.000000 0.000000 0.250000 0.000000 0.000000
0.144135 0.663392 0.162130 0.019030 0.031839
0.075931 0.643372 0.230426 0.017514 0.030028
0.086345 0.627082 0.366121 0.025778 0.037121
0.012747 0.634408 0.197768 0.001272 0.001948
0.000000 0.000000 0.250000 0.000000 0.000000
0.088723 0.658288 0.191825 0.012759 0.022712
0.084163 0.659570 0.246913 0.016560 0.036490
0.091378 0.613104 0.192724 0.008187 0.017982
0.051282 0.607469 0.150035 0.001765 0.003882
0.000000 0.000000 0.250000 0.000000 0.000000
0.000000 0.000000 0.250000 0.000000 0.000000
0.151678 0.656995 0.178882 0.021351 0.032284
0.111780 0.653517 0.162817 0.026202 0.039867
0.126579 0.689180 0.211805 0.043128 0.060401
0.069322 0.626707 0.191656 0.017017 0.023568
0.066135 0.607116 0.278980 0.006980 0.008964
0.177162 0.679989 0.150656 0.037520 0.054996
0.102780 0.670282 0.224305 0.013080 0.019666
0.159327 0.646991 0.117996 0.008480 0.011966
0.186529 0.645378 0.084625 0.008813 0.012817
0.131206 0.719894 0.210405 0.071987 0.085531
0.138622 0.699883 0.172252 0.044299 0.057100
0.154882 0.674119 0.065859 0.025011 0.043568
0.212824 0.678265 0.268091 0.040094 0.058743
0.148325 0.619704 0.210998 0.008079 0.013376
0.187592 0.686125 0.203928 0.055531 0.069351
0.173913 0.679681 0.169513 0.038723 0.051658
0.290856 0.688819 0.159691 0.099124 0.123347
0.235054 0.690885 0.250188 0.046847 0.074541
0.104398 0.671064 0.260351 0.026369 0.037070
0.138047 0.630348 0.252671 0.043806 0.069050
0.187959 0.687119 0.203928 0.055531 0.069351
0.173913 0.679681 0.169513 0.038723 0.051658
0.290856 0.688819 0.159691 0.099124 0.123347
0.235054 0.690885 0.250188 0.046847 0.074541
0.105220 0.672650 0.260351 0.026369 0.037070
0.138047 0.630078 0.252671 0.043806 0.069050
0.187225 0.686093 0.203928 0.055531 0.069351
0.173913 0.679681 0.169513 0.038723 0.051658
0.290856 0.688819 0.159691 0.099124 0.123347
0.235054 0.690885 0.250188 0.046847 0.074541
0.104809 0.670599 0.260351 0.026369 0.037070
0.138889 0.630696 0.252671 0.043806 0.069050
0.144458 0.639657 0.219801 0.039652 0.053192
0.089178 0.607125 0.218737 0.014235 0.020491
0.144458 0.639885 0.219801 0.039652 0.053192
0.089178 0.607746 0.218737 0.014235 0.020491
0.088235 0.616685 0.176432 0.013427 0.022747
0.231068 0.658053 0.191694 0.051809 0.076327
0.000000 0.000000 0.250000 0.000000 0.000000
0.000000 0.000000 0.250000 0.000000 0.000000
0.185436 0.673996 0.251092 0.028404 0.041917
0.065996 0.638470 0.186719 0.044912 0.074169
0.019740 0.638640 0.258041 0.007249 0.012288
0.065012 0.624548 0.421931 0.027103 0.045203
0.146269 0.671044 0.385136 0.044979 0.071527
0.092990 0.625627 0.255796 0.023088 0.039960
0.107450 0.598874 0.329710 0.002346 0.009476
0.000000 0.000000 0.250000 0.000000 0.000000
0.105413 0.602082 0.329710 0.002346 0.009476
0.000000 0.000000 0.250000 0.000000 0.000000
0.075872 0.585552 0.248124 0.013008 0.031906
0.273817 0.783695 0.104749 0.224878 0.296720
0.019740 0.643803 0.258041 0.007249 0.012288
0.064618 0.626876 0.421931 0.027103 0.045203
0.146269 0.671044 0.385136 0.044979 0.071527
0.092513 0.628217 0.255796 0.023088 0.039960
0.065753 0.566585 0.328173 0.016330 0.027946
0.085145 0.725590 0.321415 0.032876 0.046520
0.241185 0.708150 0.213854 0.117369 0.177560
0.158333 0.655072 0.121374 0.056280 0.086063
0.171698 0.667575 0.133931 0.033053 0.052866
0.158333 0.655072 0.121374 0.056280 0.086063
0.171698 0.667575 0.133931 0.033053 0.052866
0.096154 0.602820 0.213472 0.011654 0.022883
0.158333 0.655072 0.121374 0.056280 0.086063
0.171698 0.667575 0.133931 0.033053 0.052866
0.096154 0.602820 0.213472 0.011654 0.022883
0.228090 0.669740 0.162155 0.060601 0.089042
0.000000 0.000000 0.250000 0.000000 0.000000
0.000000 0.000000 0.250000 0.000000 0.000000
0.000000 0.000000 0.250000 0.000000 0.000000
0.000000 0.000000 0.250000 0.000000 0.000000
0.000000 0.000000 0.250000 0.000000 0.000000
0.000000 0.000000 0.250000 0.000000 0.000000
0.000000 0.000000 0.250000 0.000000 0.000000
0.000000 0.000000 0.250000 0.000000 0.000000
0.256856 0.719332 0.108977 0.051717 0.066725
0.000000 0.000000 0.250000 0.000000 0.000000
0.228090 0.669254 0.162155 0.060601 0.089042
0.000000 0.000000 0.250000 0.000000 0.000000
0.000000 0.000000 0.250000 0.000000 0.000000
0.000000 0.000000 0.250000 0.000000 0.000000
0.107417 0.620808 0.224733 0.009251 0.012100
0.079761 0.674883 0.253809 0.016361 0.020194
0.158807 0.735657 0.217093 0.038118 0.045951
0.124171 0.660468 0.327438 0.065048 0.086250
0.076923 0.610864 0.171303 0.005640 0.007255
0.069261 0.676403 0.268391 0.012658 0.015638
0.152288 0.735624 0.202674 0.037829 0.045341
0.124171 0.660468 0.327438 0.065048 0.086250
0.070059 0.632367 0.290991 0.048562 0.067048
0.241007 0.746925 0.375304 0.155222 0.183390
0.229961 0.680268 0.214403 0.037081 0.053691
0.138315 0.686940 0.246527 0.036772 0.055412
0.186853 0.688480 0.210150 0.049485 0.070866
0.215969 0.647816 0.277293 0.016473 0.024382
0.278008 0.734838 0.382846 0.127212 0.147052
0.155157 0.707690 0.408412 0.069503 0.087295
0.163873 0.717133 0.188195 0.058089 0.094271
0.188791 0.697210 0.185361 0.049286 0.071702
0.168945 0.686602 0.243355 0.041994 0.061452
0.220878 0.683284 0.209908 0.051261 0.072823
0.241007 0.746925 0.375304 0.155222 0.183390
0.229961 0.680268 0.214403 0.037081 0.053691
0.139299 0.688218 0.246527 0.036772 0.055412
0.186853 0.689326 0.210466 0.050522 0.072114
0.215969 0.647816 0.277293 0.016473 0.024382
0.278008 0.734838 0.382846 0.127212 0.147052
0.155157 0.707625 0.408412 0.069503 0.087295
0.163419 0.717384 0.188195 0.058089 0.094271
0.188178 0.697845 0.185361 0.049286 0.071702
0.168620 0.687092 0.243355 0.041994 0.061452
0.220878 0.683284 0.209908 0.051261 0.072823
0.241007 0.746925 0.375304 0.155222 0.183390
0.229961 0.680268 0.214403 0.037081 0.053691
0.138971 0.687816 0.246527 0.036772 0.055412
0.190297 0.691956 0.210186 0.049656 0.070985
0.215969 0.647816 0.277293 0.016473 0.024382
0.278008 0.734838 0.382846 0.127212 0.147052
0.155157 0.708077 0.408412 0.069503 0.087295
0.163453 0.717321 0.188195 0.058089 0.094271
0.188587 0.697555 0.185361 0.049286 0.071702
0.168945 0.686772 0.243355 0.041994 0.061452
0.220878 0.683284 0.209908 0.051261 0.072823
0.241007 0.746925 0.375304 0.155222 0.183390
0.241007 0.746925 0.375304 0.155222 0.183390
0.241007 0.746925 0.375304 0.155222 0.183390
0.150000 0.721032 0.318939 0.060561 0.087512
0.144385 0.726906 0.297969 0.036339 0.046788
0.197333 0.744031 0.326785 0.051392 0.060590
0.000000 0.000000 0.250000 0.000000 0.000000
0.000000 0.000000 0.250000 0.000000 0.000000
0.041117 0.646539 0.184878 0.015331 0.019608
0.000000 0.000000 0.250000 0.000000 0.000000
0.000000 0.000000 0.250000 0.000000 0.000000
0.000000 0.000000 0.250000 0.000000 0.000000
0.109510 0.641487 0.239849 0.048393 0.068051
0.137552 0.649244 0.221333 0.051346 0.075928
0.101604 0.684872 0.306138 0.043648 0.056677
0.000000 0.000000 0.250000 0.000000 0.000000
0.206963 0.694055 0.383583 0.164140 0.199688
0.000000 0.000000 0.250000 0.000000 0.000000
0.000000 0.000000 0.250000 0.000000 0.000000
0.084084 0.624779 0.243473 0.004406 0.008327
0.112299 0.657293 0.278220 0.010339 0.017955
0.121693 0.667935 0.278220 0.010339 0.017955
0.150121 0.667870 0.255889 0.005387 0.009994
0.191638 0.678468 0.095944 0.009817 0.021774
0.013237 0.540645 0.293585 0.001300 0.001973
0.043736 0.582978 0.316135 0.003438 0.004558
0.165399 0.654776 0.219317 0.090967 0.114235
0.163498 0.653837 0.219317 0.090967 0.114235
0.104888 0.678068 0.174979 0.020003 0.030112
0.208103 0.670110 0.193012 0.044675 0.073196
0.093205 0.616091 0.240584 0.021242 0.032654
0.158182 0.664253 0.253563 0.031402 0.044052
0.178981 0.665728 0.232813 0.031129 0.047756
0.174743 0.649718 0.213195 0.022538 0.032543
0.201127 0.692435 0.218835 0.084463 0.116635
0.110203 0.674288 0.221178 0.028986 0.044243
0.141266 0.672966 0.224840 0.044062 0.061150
0.146334 0.707636 0.211054 0.030715 0.038369
0.185996 0.718364 0.371465 0.075983 0.101004
0.112766 0.639083 0.174466 0.014012 0.022444
0.199735 0.652033 0.265414 0.028838 0.046023
0.288030 0.701401 0.287858 0.110902 0.154742
0.177149 0.662680 0.186782 0.113251 0.139676
0.121891 0.651436 0.081364 0.029122 0.039027
0.181115 0.697880 0.196949 0.016792 0.021580
0.067961 0.643278 0.261548 0.004102 0.005774
0.174687 0.670124 0.159858 0.043301 0.059462
0.070839 0.670552 0.215919 0.033837 0.045443
0.137037 0.666526 0.202073 0.034746 0.045508
0.087968 0.596594 0.204173 0.003099 0.004288
0.153034 0.675347 0.185121 0.033325 0.043547
0.178649 0.698830 0.222547 0.053915 0.068439
0.117029 0.615376 0.219540 0.023299 0.033217
0.077179 0.629644 0.263133 0.024921 0.032926
0.098560 0.617389 0.119643 0.008376 0.011171
0.137037 0.666526 0.202073 0.034746 0.045508
0.088866 0.597930 0.204173 0.003099 0.004288
0.153034 0.675347 0.185121 0.033325 0.043547
0.178649 0.698830 0.222547 0.053915 0.068439
0.117029 0.615154 0.219540 0.023299 0.033217
0.077179 0.630261 0.263133 0.024921 0.032926
0.098560 0.614957 0.119643 0.008376 0.011171
0.103448 0.640954 0.405324 0.044979 0.071527
0.122642 0.632946 0.405324 0.044979 0.071527
0.110063 0.654569 0.484940 0.062592 0.078603
0.090625 0.629705 0.467724 0.044979 0.071527
0.207780 0.727587 0.292548 0.142060 0.173128
0.276455 0.696015 0.209219 0.019194 0.025761
0.023791 0.613234 0.316612 0.010298 0.013268
0.128350 0.620806 0.295287 0.040668 0.057676
0.100618 0.617901 0.252637 0.006278 0.008916
0.056410 0.625273 0.349032 0.025445 0.032550
0.102041 0.640578 0.338180 0.056841 0.073908
0.189076 0.714158 0.431451 0.130114 0.168469
0.117935 0.681021 0.243341 0.044154 0.059717
0.483073 0.810445 0.759915 0.553023 0.573875
0.185611 0.711355 0.366515 0.108839 0.142102
0.103189 0.661001 0.349796 0.019098 0.025406
0.129973 0.689212 0.233104 0.068597 0.088679
0.000000 0.000000 0.250000 0.000000 0.000000
0.088556 0.682566 0.165342 0.016006 0.028186
0.091591 0.637755 0.261035 0.015097 0.019322
0.200895 0.716135 0.149352 0.033536 0.045237
0.213922 0.677661 0.303271 0.041004 0.054466
0.135593 0.711414 0.248415 0.033320 0.041820
0.194647 0.719572 0.559381 0.111061 0.133766
0.197183 0.666710 0.174936 0.058323 0.088953
0.121622 0.600159 0.190361 0.002878 0.004374
0.041667 0.616762 0.140307 0.014725 0.021840
0.000000 0.000000 0.250000 0.000000 0.000000
0.180300 0.674052 0.291290 0.057249 0.094540
0.190252 0.659724 0.174838 0.049356 0.069083
0.163151 0.652380 0.121198 0.017061 0.026316
0.000000 0.000000 0.250000 0.000000 0.000000
0.000000 0.000000 0.250000 0.000000 0.000000
0.000000 0.000000 0.250000 0.000000 0.000000
0.209115 0.684702 0.259082 0.079076 0.100243
0.000000 0.000000 0.250000 0.000000 0.000000
0.194030 0.676367 0.302002 0.081196 0.108096
0.015199 0.627183 0.287162 0.003411 0.004249
0.130177 0.651474 0.288933 0.015025 0.019808
0.142857 0.616062 0.224063 0.022525 0.036339
0.115837 0.677721 0.376063 0.055678 0.071238
0.182045 0.701003 0.192450 0.072070 0.104092
0.000000 0.000000 0.250000 0.000000 0.000000
0.115905 0.651980 0.374423 0.056040 0.074859
0.150785 0.663006 0.344522 0.050244 0.067831
0.142473 0.678939 0.361275 0.045359 0.058536
0.125448 0.675980 0.432604 0.060823 0.084829
0.122699 0.654331 0.311022 0.056038 0.077519
0.116083 0.644962 0.270584 0.033003 0.051519
0.129803 0.657734 0.314421 0.053333 0.072844
0.119608 0.647757 0.279953 0.027263 0.043407
0.138306 0.651768 0.347722 0.034136 0.052837
0.139442 0.658025 0.345616 0.030650 0.045929
0.106610 0.690260 0.249740 0.040958 0.061398
0.221413 0.678309 0.165697 0.056057 0.093376
0.191870 0.695970 0.121217 0.028673 0.044390
0.202020 0.695207 0.082011 0.010692 0.014965
0.160752 0.682359 0.106648 0.005504 0.008212
0.158129 0.689233 0.094029 0.009670 0.016655
0.222222 0.675075 0.100398 0.031221 0.054194
0.223633 0.662614 0.082496 0.008418 0.016095
0.238399 0.673647 0.102236 0.042146 0.065224
0.227238 0.675444 0.113120 0.036980 0.058717
0.199292 0.678295 0.117620 0.037177 0.054388
0.224806 0.678359 0.233152 0.056859 0.095849
0.206266 0.715477 0.353619 0.114490 0.140297
0.232449 0.737795 0.135111 0.142952 0.170596
0.227788 0.718952 0.213158 0.108781 0.140860
0.164509 0.665032 0.186739 0.059602 0.077121
0.205479 0.718863 0.222793 0.120709 0.149235
0.115905 0.652194 0.374423 0.056040 0.074859
0.150785 0.662808 0.344522 0.050244 0.067831
0.142473 0.678939 0.361275 0.045359 0.058536
0.125448 0.675093 0.432604 0.060823 0.084829
0.122699 0.654054 0.311022 0.056038 0.077519
0.116083 0.645352 0.270584 0.033003 0.051519
0.129803 0.656792 0.314421 0.053333 0.072844
0.119608 0.647099 0.279953 0.027263 0.043407
0.138306 0.652204 0.347722 0.034136 0.052837
0.139442 0.658674 0.345616 0.030650 0.045929
0.106254 0.690306 0.249740 0.040958 0.061398
0.206266 0.715477 0.353619 0.114490 0.140297
0.115905 0.651140 0.374423 0.056040 0.074859
0.150785 0.663313 0.344522 0.050244 0.067831
0.142473 0.678939 0.361275 0.045359 0.058536
0.125448 0.676705 0.432604 0.060823 0.084829
0.122699 0.654183 0.311022 0.056038 0.077519
0.116083 0.645678 0.270584 0.033003 0.051519
0.129803 0.657073 0.314421 0.053333 0.072844
0.119608 0.646673 0.279953 0.027263 0.043407
0.138306 0.651737 0.347722 0.034136 0.052837
0.139442 0.657072 0.345616 0.030650 0.045929
0.106610 0.690505 0.249740 0.040958 0.061398
0.206266 0.715477 0.353619 0.114490 0.140297
0.115905 0.650895 0.374423 0.056040 0.074859
0.150785 0.663261 0.344522 0.050244 0.067831
0.142473 0.678939 0.361275 0.045359 0.058536
0.125448 0.675483 0.432604 0.060823 0.084829
0.122699 0.653985 0.311022 0.056038 0.077519
0.116083 0.645409 0.270584 0.033003 0.051519
0.129803 0.657993 0.314421 0.053333 0.072844
0.119608 0.645731 0.279953 0.027263 0.043407
0.137529 0.652416 0.347722 0.034136 0.052837
0.139442 0.657500 0.345616 0.030650 0.045929
0.106254 0.691031 0.249740 0.040958 0.061398
0.231600 0.760074 0.154094 0.087589 0.126043
0.279055 0.741018 0.279386 0.117174 0.175224
0.238981 0.694172 0.214234 0.071136 0.113803
0.235006 0.683466 0.250996 0.061755 0.102819
0.251938 0.716039 0.193100 0.065114 0.096059
0.252896 0.717772 0.193100 0.065114 0.096059
0.211921 0.702907 0.235032 0.036820 0.059487
0.212871 0.704216 0.235032 0.036820 0.059487
0.237123 0.704900 0.213541 0.064251 0.103675
0.147826 0.710180 0.163856 0.098952 0.144969
0.206266 0.715477 0.353619 0.114490 0.140297
0.115905 0.651598 0.374423 0.056040 0.074859
0.150785 0.662868 0.344522 0.050244 0.067831
0.142473 0.678939 0.361275 0.045359 0.058536
0.125448 0.676620 0.432604 0.060823 0.084829
0.122699 0.654763 0.311022 0.056038 0.077519
0.116083 0.645691 0.270584 0.033003 0.051519
0.129803 0.656756 0.314421 0.053333 0.072844
0.119608 0.647193 0.279953 0.027263 0.043407
0.137529 0.652010 0.347722 0.034136 0.052837
0.139442 0.658230 0.345616 0.030650 0.045929
0.106254 0.689693 0.249740 0.040958 0.061398
0.206266 0.715477 0.353619 0.114490 0.140297
0.000000 0.000000 0.250000 0.000000 0.000000
0.202532 0.693835 0.281697 0.039830 0.047105
0.133919 0.659445 0.147964 0.004678 0.007544
0.107623 0.662242 0.283998 0.069933 0.091011
0.104956 0.669594 0.490033 0.066808 0.083250
0.101744 0.656204 0.290769 0.042448 0.051809
0.169367 0.667295 0.265727 0.034224 0.048781
0.219348 0.662609 0.232202 0.024036 0.039965
0.073227 0.613822 0.264818 0.002611 0.003957
0.181260 0.683608 0.160980 0.028780 0.046790
0.061340 0.619750 0.257272 0.004488 0.006264
0.153731 0.637992 0.271847 0.022338 0.033006
0.189911 0.643637 0.162520 0.034729 0.049171
0.172805 0.654967 0.263286 0.037899 0.055318
0.120643 0.625727 0.217733 0.016318 0.023949
0.134243 0.627492 0.236674 0.010041 0.014950
0.121658 0.652431 0.193611 0.038756 0.050436
0.050883 0.609227 0.283774 0.006594 0.012136
0.155224 0.649106 0.243766 0.033243 0.050336
0.187959 0.649858 0.255129 0.035309 0.053536
0.185529 0.636560 0.195656 0.010000 0.016062
0.150376 0.621778 0.197343 0.012128 0.020913
0.097120 0.649262 0.240625 0.005401 0.007569
0.084851 0.661988 0.292129 0.052510 0.065942
0.215971 0.679751 0.157768 0.028847 0.041695
0.220615 0.681342 0.157768 0.028847 0.041695
0.177011 0.675474 0.256427 0.038524 0.065277
0.084851 0.662577 0.292129 0.052510 0.065942
0.215971 0.679751 0.157768 0.028847 0.041695
0.220615 0.681342 0.157768 0.028847 0.041695
0.177011 0.675474 0.256427 0.038524 0.065277
0.085331 0.663769 0.292129 0.052510 0.065942
0.215971 0.679751 0.157768 0.028847 0.041695
0.220615 0.681342 0.157768 0.028847 0.041695
0.177011 0.675474 0.256427 0.038524 0.065277
0.245074 0.692220 0.256720 0.110181 0.148302
0.243626 0.697204 0.254433 0.104030 0.151458
0.000000 0.000000 0.250000 0.000000 0.000000
0.059009 0.600249 0.278980 0.006980 0.008964
0.145186 0.612608 0.219579 0.008722 0.014722
0.188737 0.630828 0.281635 0.034536 0.055805
0.261417 0.706508 0.264330 0.192685 0.229546
0.141340 0.683968 0.233325 0.069546 0.095730
0.143234 0.690214 0.233325 0.069546 0.095730
0.176018 0.704921 0.316014 0.101254 0.129587
0.172073 0.710508 0.317136 0.101783 0.131508
0.174986 0.707709 0.246801 0.068871 0.093314
0.168374 0.701733 0.276068 0.081191 0.105280
0.127358 0.682622 0.236181 0.053914 0.071073
0.122507 0.694296 0.386272 0.048833 0.068349
0.087774 0.610372 0.473537 0.053490 0.073665
0.065380 0.674646 0.268116 0.006448 0.013004
0.000000 0.000000 0.250000 0.000000 0.000000
0.000000 0.000000 0.250000 0.000000 0.000000
0.000000 0.000000 0.250000 0.000000 0.000000
0.116531 0.617274 0.279790 0.012493 0.018199
0.137500 0.684454 0.085116 0.030646 0.049275
0.135680 0.761361 0.288491 0.078613 0.102883
0.070117 0.729302 0.294533 0.049349 0.064480
0.189279 0.677536 0.245477 0.064099 0.083939
0.120548 0.689803 0.370058 0.019400 0.025468
0.103976 0.629597 0.473537 0.053490 0.073665
0.130208 0.694112 0.272430 0.017460 0.022562
0.140762 0.666750 0.636360 0.067260 0.096268
0.130564 0.665741 0.636360 0.067260 0.096268
0.316547 0.783830 0.474332 0.235238 0.259346
0.326599 0.781827 0.325401 0.205510 0.235359
0.000000 0.000000 0.250000 0.000000 0.000000
0.000000 0.000000 0.250000 0.000000 0.000000
0.186603 0.678964 0.255670 0.016189 0.026832
0.107417 0.621538 0.224733 0.009251 0.012100
0.078707 0.674753 0.253809 0.016361 0.020194
0.158807 0.735601 0.217093 0.038118 0.045951
0.124171 0.660468 0.327438 0.065048 0.086250
0.076374 0.612105 0.171303 0.005640 0.007255
0.069874 0.674214 0.268391 0.012658 0.015638
0.152614 0.736313 0.202674 0.037829 0.045341
0.124171 0.660468 0.327438 0.065048 0.086250
0.028413 0.678963 0.318036 0.011635 0.017162
0.075070 0.698406 0.177366 0.020755 0.032604
0.100037 0.671849 0.238894 0.055992 0.084294
0.133501 0.671372 0.041781 0.005693 0.009353
0.139276 0.668239 0.078289 0.006365 0.010615
0.038462 0.691451 0.254298 0.013971 0.021548
0.061236 0.696941 0.139811 0.015607 0.024674
0.075784 0.704752 0.195535 0.028896 0.042463
0.203419 0.642103 0.083013 0.011859 0.016757
0.074989 0.715169 0.184462 0.025824 0.037512
0.062032 0.704077 0.295533 0.022559 0.032118
0.155525 0.691185 0.185409 0.076383 0.109534
0.054780 0.694828 0.285982 0.022295 0.029343
0.266082 0.701200 0.187065 0.055554 0.073777
0.000000 0.000000 0.250000 0.000000 0.000000
0.000000 0.000000 0.250000 0.000000 0.000000
0.000000 0.000000 0.250000 0.000000 0.000000
0.157602 0.679215 0.154431 0.040368 0.056975
0.000000 0.000000 0.250000 0.000000 0.000000
0.000000 0.000000 0.250000 0.000000 0.000000
0.028799 0.648906 0.348386 0.025875 0.035344
0.088527 0.636275 0.310218 0.060835 0.080148
0.088339 0.636294 0.306485 0.058997 0.078080
0.143953 0.671354 0.250502 0.100670 0.130322
0.037577 0.625464 0.313631 0.023958 0.030191
0.112936 0.619566 0.231756 0.012599 0.021061
0.064360 0.600554 0.278013 0.006402 0.008259
0.153061 0.656581 0.261849 0.010497 0.014605
0.182077 0.661926 0.247211 0.031858 0.047613
0.029063 0.687702 0.285617 0.019883 0.026872
0.162617 0.651663 0.178154 0.005103 0.007749
0.094042 0.633902 0.208662 0.014107 0.018633
0.182540 0.662511 0.255884 0.014338 0.019908
0.152135 0.621056 0.172292 0.025975 0.044802
0.059470 0.582823 0.117903 0.000904 0.001934
0.112299 0.661957 0.263514 0.032072 0.045787
0.096348 0.706486 0.194625 0.028529 0.043332
0.140308 0.721644 0.189013 0.040173 0.059679
0.213759 0.669927 0.107314 0.038510 0.059057
0.167802 0.666996 0.173117 0.061690 0.088650
0.202322 0.708185 0.153334 0.079106 0.103367
0.154671 0.657098 0.255439 0.026889 0.038911
0.175911 0.703309 0.182045 0.052150 0.081646
0.093815 0.630894 0.233706 0.012142 0.020133
0.094042 0.639454 0.325437 0.009137 0.013726
0.258970 0.696223 0.177651 0.039834 0.058053
0.184915 0.696921 0.298036 0.041445 0.062180
0.000000 0.000000 0.250000 0.000000 0.000000
0.000000 0.000000 0.250000 0.000000 0.000000
0.341176 0.712996 0.211514 0.155260 0.196673
0.074597 0.580680 0.262815 0.003070 0.006490
0.215736 0.705003 0.288898 0.046948 0.073293
0.044866 0.569914 0.266414 0.002831 0.005521
0.175658 0.644251 0.165836 0.016724 0.029540
0.127193 0.631360 0.198767 0.020722 0.032767
0.174479 0.668708 0.094306 0.004999 0.010305
0.146426 0.651346 0.198944 0.014226 0.028123
0.165354 0.713438 0.389157 0.061177 0.089331
0.086066 0.633510 0.261866 0.019449 0.033754
0.137076 0.642089 0.156688 0.006232 0.011493
0.165354 0.716666 0.389157 0.061177 0.089331
0.069503 0.579389 0.170686 0.001841 0.003106
0.122479 0.629240 0.179075 0.010809 0.019761
0.149500 0.677599 0.211184 0.026682 0.043358
0.111452 0.656681 0.206031 0.020630 0.029801
0.228771 0.748251 0.284231 0.146420 0.178663
0.122414 0.617816 0.110892 0.004960 0.007683
0.216504 0.616468 0.235191 0.012273 0.020960
0.214617 0.719601 0.170394 0.058585 0.087392
0.089373 0.613099 0.241209 0.008027 0.015539
0.118331 0.632322 0.237102 0.027336 0.041317
0.122297 0.632460 0.215478 0.016178 0.026010
0.217672 0.698863 0.264149 0.054972 0.077905
0.076064 0.633914 0.377960 0.017317 0.020767
0.255319 0.731670 0.227002 0.112371 0.136644
0.210285 0.713506 0.195487 0.046369 0.063238
0.168820 0.695251 0.177983 0.026871 0.037631
0.257042 0.736348 0.227002 0.112371 0.136644
0.217672 0.698863 0.264149 0.054972 0.077905
0.075000 0.633497 0.377960 0.017317 0.020767
0.255319 0.731670 0.227002 0.112371 0.136644
0.210285 0.714022 0.195487 0.046369 0.063238
0.168820 0.695914 0.177983 0.026871 0.037631
0.257042 0.736348 0.227002 0.112371 0.136644
0.208120 0.734546 0.243624 0.087221 0.114146
0.217672 0.698863 0.264149 0.054972 0.077905
0.075532 0.636391 0.377960 0.017317 0.020767
0.255319 0.731670 0.227002 0.112371 0.136644
0.210285 0.714210 0.195487 0.046369 0.063238
0.169251 0.695138 0.177983 0.026871 0.037631
0.257042 0.736348 0.227002 0.112371 0.136644
0.000000 0.000000 0.250000 0.000000 0.000000
0.188421 0.689180 0.261204 0.109744 0.154891
0.055987 0.675361 0.275420 0.033212 0.046616
0.106986 0.720926 0.352994 0.069551 0.077872
0.000000 0.000000 0.250000 0.000000 0.000000
0.000000 0.000000 0.250000 0.000000 0.000000
0.000000 0.000000 0.250000 0.000000 0.000000
0.000000 0.000000 0.250000 0.000000 0.000000
0.000000 0.000000 0.250000 0.000000 0.000000
0.000000 0.000000 0.250000 0.000000 0.000000
0.000000 0.000000 0.250000 0.000000 0.000000
0.000000 0.000000 0.250000 0.000000 0.000000
0.000000 0.000000 0.250000 0.000000 0.000000
0.000000 0.000000 0.250000 0.000000 0.000000
0.000000 0.000000 0.250000 0.000000 0.000000
0.157584 0.717877 0.138439 0.046992 0.060696
0.130219 0.691213 0.173897 0.044881 0.063147
0.000000 0.000000 0.250000 0.000000 0.000000
0.000000 0.000000 0.250000 0.000000 0.000000
0.000000 0.000000 0.250000 0.000000 0.000000
0.216473 0.667308 0.199052 0.027761 0.041887
0.153693 0.621262 0.175699 0.005092 0.011071
0.000000 0.000000 0.250000 0.000000 0.000000
0.157293 0.684403 0.199719 0.028289 0.042885
0.111111 0.655494 0.126326 0.023666 0.033970
0.117421 0.652606 0.189115 0.017890 0.025552
0.079909 0.641960 0.270432 0.012604 0.015622
0.283218 0.729557 0.189880 0.143898 0.185088
0.000000 0.000000 0.250000 0.000000 0.000000
0.189300 0.690666 0.277061 0.084436 0.133196
0.191057 0.685372 0.215819 0.038240 0.056262
0.084989 0.625023 0.232425 0.008805 0.011898
0.239418 0.708411 0.181552 0.055976 0.088989
0.114851 0.695684 0.188048 0.018673 0.032485
0.109052 0.660597 0.191320 0.007796 0.010986
0.045240 0.622313 0.365483 0.015943 0.020648
0.187500 0.651690 0.243832 0.008010 0.012105
0.000000 0.000000 0.250000 0.000000 0.000000
0.218857 0.730191 0.246525 0.094147 0.129411
0.000000 0.000000 0.250000 0.000000 0.000000
0.217391 0.730886 0.246525 0.094147 0.129411
0.032470 0.603511 0.225448 0.005010 0.006820
0.111501 0.651051 0.198397 0.009292 0.011735
0.127226 0.687008 0.189865 0.046593 0.065355
0.130291 0.737915 0.141887 0.062181 0.085246
0.147009 0.666861 0.361648 0.056121 0.077767
0.189437 0.696908 0.088454 0.016577 0.023286
0.092818 0.618656 0.203373 0.015167 0.021236
0.107466 0.653635 0.190535 0.010824 0.018088
0.210758 0.683009 0.146665 0.147606 0.187668
0.196673 0.659425 0.074179 0.032461 0.046694
0.189534 0.694067 0.202884 0.117863 0.152074
0.233333 0.630240 0.069732 0.014205 0.025415
0.175243 0.645411 0.051082 0.003360 0.005698
0.124807 0.658608 0.207513 0.076995 0.111782
0.179191 0.679015 0.158139 0.018178 0.023916
0.000000 0.000000 0.250000 0.000000 0.000000
0.000000 0.000000 0.250000 0.000000 0.000000
0.000000 0.000000 0.250000 0.000000 0.000000
0.154290 0.628803 0.240112 0.035723 0.046354
0.187453 0.696761 0.265313 0.089325 0.125240
0.142688 0.660149 0.294590 0.059934 0.075290
0.171263 0.659367 0.181067 0.049276 0.082017
0.167897 0.629937 0.217372 0.034694 0.055910
0.137787 0.683280 0.233699 0.030628 0.045036
0.077778 0.613103 0.261718 0.005791 0.008763
0.225691 0.736059 0.235250 0.117716 0.142003
0.063093 0.678536 0.168603 0.014185 0.019865
0.083939 0.690950 0.177236 0.021412 0.029299
0.132760 0.653061 0.235634 0.041426 0.055248
0.140110 0.681925 0.294808 0.013906 0.019818
0.087500 0.614873 0.473537 0.058823 0.073665
0.136232 0.669002 0.378667 0.104664 0.142085
0.103976 0.640601 0.636360 0.073965 0.096268
0.087500 0.614873 0.473537 0.058823 0.073665
0.136232 0.669002 0.378667 0.104664 0.142085
0.081505 0.634787 0.636360 0.073965 0.096268
0.098461 0.647392 0.657193 0.079867 0.122411
0.176471 0.710403 0.162064 0.071529 0.098176
0.228188 0.701364 0.342645 0.062546 0.085839
0.124378 0.660907 0.175903 0.051321 0.069847
0.388005 0.781966 0.248773 0.258006 0.318832
0.000000 0.000000 0.250000 0.000000 0.000000
0.000000 0.000000 0.250000 0.000000 0.000000
0.000000 0.000000 0.250000 0.000000 0.000000
0.000000 0.000000 0.250000 0.000000 0.000000
0.000000 0.000000 0.250000 0.000000 0.000000
0.000000 0.000000 0.250000 0.000000 0.000000
0.000000 0.000000 0.250000 0.000000 0.000000
0.000000 0.000000 0.250000 0.000000 0.000000
0.000000 0.000000 0.250000 0.000000 0.000000
0.244804 0.694148 0.235819 0.059873 0.085676
0.145011 0.719555 0.358912 0.114422 0.138284
0.220851 0.743007 0.317824 0.140507 0.174419
0.201913 0.742500 0.456045 0.148486 0.184852
0.249577 0.767240 0.413156 0.204095 0.257971
0.167939 0.728258 0.387402 0.080307 0.106576
0.143802 0.689027 0.309576 0.058821 0.079997
0.201754 0.718756 0.282974 0.115303 0.153917
0.160401 0.700891 0.289384 0.100412 0.138109
0.136000 0.703313 0.298464 0.083036 0.119656
0.192833 0.705071 0.150308 0.092552 0.122611
0.160858 0.690911 0.311933 0.112078 0.153514
0.220217 0.710587 0.342290 0.161841 0.210802
0.219885 0.693800 0.064808 0.067161 0.098743
0.202267 0.740164 0.363864 0.150761 0.193454
0.000000 0.000000 0.250000 0.000000 0.000000
0.000000 0.000000 0.250000 0.000000 0.000000
0.000000 0.000000 0.250000 0.000000 0.000000
0.199002 0.741844 0.268222 0.100645 0.134554
0.137990 0.660737 0.254921 0.063394 0.090116
0.000000 0.000000 0.250000 0.000000 0.000000
0.178269 0.741380 0.317144 0.091508 0.117917
0.185453 0.725009 0.348582 0.098071 0.123590
0.204450 0.719350 0.340731 0.116867 0.148403
0.232846 0.693603 0.293424 0.101413 0.132343
0.169536 0.725944 0.321937 0.083044 0.115730
0.188403 0.714835 0.306161 0.084744 0.115411
0.192191 0.713795 0.344110 0.132078 0.170189
0.000000 0.000000 0.250000 0.000000 0.000000
0.272231 0.770800 0.306493 0.180259 0.209531
0.167227 0.668635 0.273103 0.047035 0.068756
0.227024 0.715209 0.334586 0.115776 0.149239
0.132019 0.681864 0.361642 0.079494 0.102298
0.000000 0.000000 0.250000 0.000000 0.000000
0.054348 0.639919 0.348149 0.015402 0.022504
0.083886 0.611351 0.188206 0.006321 0.010422
0.190709 0.677439 0.312392 0.013870 0.024584
0.232717 0.684552 0.179043 0.084725 0.124239
0.056535 0.725627 0.268421 0.033237 0.046267
0.186306 0.634485 0.277590 0.008400 0.016125
0.084870 0.656929 0.248397 0.014587 0.022237
0.181818 0.636197 0.277590 0.008400 0.016125
0.187898 0.637505 0.277590 0.008400 0.016125
0.172249 0.645889 0.277590 0.008400 0.016125
0.021400 0.611687 0.199525 0.004730 0.007517
0.139241 0.648627 0.225223 0.009535 0.018750
0.181818 0.636197 0.277590 0.008400 0.016125
0.185693 0.677004 0.093399 0.015848 0.026572
0.070748 0.644504 0.333521 0.010355 0.022193
0.076213 0.636187 0.251958 0.000778 0.002160
0.041460 0.629200 0.293493 0.001961 0.003842
0.493746 0.784397 0.477426 0.411481 0.461748
0.097151 0.721604 0.103235 0.032014 0.045134
0.142267 0.720790 0.182424 0.040896 0.060244
0.115942 0.625501 0.206037 0.005655 0.008386
0.491960 0.782635 0.477426 0.411481 0.461748
0.097346 0.721289 0.103235 0.032014 0.045134
0.140317 0.719022 0.182420 0.040882 0.060318
0.115942 0.625501 0.206037 0.005655 0.008386
0.097084 0.676758 0.254085 0.021618 0.033275
0.058163 0.568063 0.120615 0.004742 0.006565
0.203598 0.767517 0.217175 0.080774 0.102602
0.257833 0.707580 0.166085 0.070945 0.096493
0.173233 0.669851 0.163143 0.030306 0.044759
0.491364 0.783231 0.477426 0.411481 0.461748
0.097151 0.721343 0.103235 0.032014 0.045134
0.140317 0.720303 0.182420 0.040882 0.060318
0.115942 0.625501 0.206037 0.005655 0.008386
0.097283 0.678231 0.254085 0.021618 0.033275
0.058163 0.567321 0.120615 0.004742 0.006565
0.203995 0.768174 0.217151 0.080533 0.102279
0.257833 0.707580 0.166085 0.070945 0.096493
0.173233 0.670057 0.163143 0.030306 0.044759
0.491364 0.783148 0.477426 0.411481 0.461748
0.097215 0.722769 0.103235 0.032014 0.045134
0.140852 0.719449 0.182423 0.041172 0.060795
0.115942 0.625501 0.206037 0.005655 0.008386
0.097483 0.677909 0.254085 0.021618 0.033275
0.058163 0.567373 0.120615 0.004742 0.006565
0.203277 0.768753 0.215178 0.080444 0.102165
0.257833 0.707580 0.166085 0.070945 0.096493
0.173233 0.669652 0.163143 0.030306 0.044759
0.000000 0.000000 0.250000 0.000000 0.000000
0.126707 0.622388 0.257389 0.027808 0.039935
0.096527 0.625665 0.160336 0.014987 0.022563
0.133333 0.633175 0.192725 0.019021 0.026990
0.158177 0.707156 0.350433 0.023242 0.029433
0.068617 0.702091 0.228593 0.035360 0.047598
0.119298 0.669257 0.193096 0.034405 0.047413
0.080605 0.640805 0.281426 0.006741 0.015027
0.142457 0.686640 0.061553 0.022864 0.023295
0.142764 0.721975 0.171750 0.065397 0.080357
0.205761 0.635366 0.176224 0.013906 0.022088
0.229921 0.684832 0.205792 0.070496 0.099156
0.229921 0.684832 0.205792 0.070496 0.099156
0.121622 0.600159 0.190361 0.002878 0.004374
0.041667 0.616404 0.140307 0.014725 0.021840
0.000000 0.000000 0.250000 0.000000 0.000000
0.180300 0.675594 0.291290 0.057249 0.094540
0.213081 0.674398 0.239807 0.087475 0.118032
0.265210 0.664357 0.101897 0.045962 0.074311
0.167720 0.695696 0.163311 0.077505 0.110435
0.139276 0.693889 0.394531 0.066416 0.094365
0.125698 0.691049 0.394531 0.066416 0.094365
0.107417 0.620736 0.224733 0.009251 0.012100
0.080113 0.675473 0.253809 0.016361 0.020194
0.158807 0.735691 0.217093 0.038118 0.045951
0.124171 0.660468 0.327438 0.065048 0.086250
0.076374 0.610739 0.171303 0.005640 0.007255
0.069568 0.675495 0.268391 0.012658 0.015638
0.152288 0.735547 0.202674 0.037829 0.045341
0.124171 0.660468 0.327438 0.065048 0.086250
0.192744 0.629857 0.172267 0.042999 0.058244
0.195499 0.660435 0.316316 0.136557 0.174817
0.265044 0.639286 0.293167 0.032766 0.044872
0.000000 0.000000 0.250000 0.000000 0.000000
0.000000 0.000000 0.250000 0.000000 0.000000
0.000000 0.000000 0.250000 0.000000 0.000000
0.000000 0.000000 0.250000 0.000000 0.000000
0.000000 0.000000 0.250000 0.000000 0.000000
0.095783 0.660076 0.343724 0.033993 0.046633
0.000000 0.000000 0.250000 0.000000 0.000000
0.000000 0.000000 0.250000 0.000000 0.000000
0.111710 0.658276 0.133760 0.023862 0.034223
0.116458 0.651493 0.189115 0.017890 0.025552
0.079909 0.643930 0.306672 0.012238 0.015085
0.000000 0.000000 0.250000 0.000000 0.000000
0.291909 0.734552 0.218532 0.158582 0.202049
0.000000 0.000000 0.250000 0.000000 0.000000
0.217550 0.693648 0.207617 0.075784 0.118401
0.148064 0.669781 0.225129 0.040178 0.051290
0.196477 0.686927 0.230838 0.036352 0.054361
0.077263 0.629309 0.225877 0.008805 0.011703
0.203576 0.686955 0.243599 0.048478 0.080108
0.114851 0.695195 0.190697 0.018673 0.032439
0.101112 0.657327 0.195197 0.008644 0.012103
0.045240 0.622570 0.365483 0.015943 0.020648
0.000000 0.000000 0.250000 0.000000 0.000000
0.111710 0.658586 0.133760 0.023862 0.034223
0.116939 0.653599 0.189115 0.017890 0.025552
0.079909 0.644034 0.306672 0.012238 0.015085
0.000000 0.000000 0.250000 0.000000 0.000000
0.291909 0.734552 0.218532 0.158582 0.202049
0.000000 0.000000 0.250000 0.000000 0.000000
0.217550 0.693648 0.207617 0.075784 0.118401
0.148064 0.669781 0.225129 0.040178 0.051290
0.196477 0.686927 0.230838 0.036352 0.054361
0.077263 0.628656 0.225877 0.008805 0.011703
0.203576 0.686955 0.243599 0.048478 0.080108
0.114999 0.695678 0.190697 0.018673 0.032439
0.100582 0.657415 0.195197 0.008644 0.012103
0.045240 0.623030 0.365483 0.015943 0.020648
0.000000 0.000000 0.250000 0.000000 0.000000
0.111710 0.659614 0.133760 0.023862 0.034223
0.116939 0.650394 0.189115 0.017890 0.025552
0.079909 0.643541 0.306672 0.012238 0.015085
0.000000 0.000000 0.250000 0.000000 0.000000
0.291909 0.734552 0.218532 0.158582 0.202049
0.000000 0.000000 0.250000 0.000000 0.000000
0.217550 0.693648 0.207617 0.075784 0.118401
0.148064 0.669781 0.225129 0.040178 0.051290
0.196477 0.686927 0.230838 0.036352 0.054361
0.077263 0.628916 0.225877 0.008805 0.011703
0.203576 0.686955 0.243599 0.048478 0.080108
0.114851 0.695991 0.190697 0.018673 0.032439
0.100582 0.656974 0.195197 0.008644 0.012103
0.045240 0.622921 0.365483 0.015943 0.020648
0.000000 0.000000 0.250000 0.000000 0.000000
0.111710 0.659474 0.133760 0.023862 0.034223
0.116939 0.652698 0.189115 0.017890 0.025552
0.079909 0.644107 0.306672 0.012238 0.015085
0.000000 0.000000 0.250000 0.000000 0.000000
0.291909 0.734552 0.218532 0.158582 0.202049
0.000000 0.000000 0.250000 0.000000 0.000000
0.217550 0.693648 0.207617 0.075784 0.118401
0.148064 0.669781 0.225129 0.040178 0.051290
0.196477 0.686927 0.230838 0.036352 0.054361
0.077263 0.628584 0.225877 0.008805 0.011703
0.203576 0.690162 0.243599 0.050860 0.081250
0.114851 0.694979 0.190697 0.018673 0.032439
0.100582 0.657767 0.195197 0.008644 0.012103
0.046183 0.622759 0.365483 0.015943 0.020648
0.191463 0.683398 0.089590 0.045546 0.063979
0.191995 0.684720 0.090880 0.051600 0.071270
0.000000 0.000000 0.250000 0.000000 0.000000
0.205882 0.707503 0.316960 0.148397 0.193636
0.380161 0.770296 0.332509 0.223000 0.271610
0.227930 0.668454 0.183417 0.049059 0.071121
0.213321 0.652044 0.161437 0.076089 0.104839
0.246554 0.687836 0.180384 0.053355 0.077415
0.128748 0.654430 0.167222 0.038422 0.054230
0.183983 0.704118 0.284380 0.127242 0.167834
0.314879 0.749613 0.320324 0.278981 0.326961
0.317460 0.732889 0.228599 0.147676 0.195628
0.270554 0.673222 0.247430 0.061292 0.092642
0.163580 0.694522 0.190673 0.042819 0.065053
0.207296 0.692387 0.234114 0.068318 0.099488
0.290495 0.702253 0.056788 0.031896 0.046448
0.175248 0.654914 0.241070 0.099284 0.132300
0.158282 0.682022 0.289953 0.075685 0.080692
0.190414 0.654162 0.275212 0.078614 0.101033
0.124240 0.726409 0.257804 0.075595 0.138830
0.134205 0.678436 0.257967 0.048977 0.069675
0.088634 0.634508 0.190306 0.018815 0.026178
0.151188 0.673336 0.373546 0.066455 0.089593
0.295031 0.684271 0.274196 0.150142 0.184343
0.152360 0.684722 0.373546 0.066455 0.089593
0.299090 0.694228 0.396287 0.164606 0.197015
0.315126 0.706019 0.317715 0.139474 0.169567
0.137931 0.672206 0.397383 0.069860 0.096946
0.218391 0.727090 0.372179 0.146911 0.180910
0.166360 0.658788 0.276111 0.095868 0.113422
0.036364 0.615699 0.312552 0.027102 0.037281
0.034660 0.613052 0.329296 0.024357 0.034079
0.205882 0.707503 0.316960 0.148397 0.193636
0.380161 0.770296 0.332509 0.223000 0.271610
0.169935 0.671341 0.213351 0.037454 0.056794
0.213321 0.652043 0.161437 0.076089 0.104839
0.246554 0.687836 0.180384 0.053355 0.077415
0.129336 0.655703 0.167222 0.038422 0.054230
0.183983 0.704118 0.284380 0.127242 0.167834
0.314879 0.749613 0.320324 0.278981 0.326961
0.317460 0.732889 0.228599 0.147676 0.195628
0.100629 0.627239 0.434121 0.053490 0.073665
0.100629 0.631449 0.434121 0.058823 0.073665
0.090260 0.671499 0.190790 0.032509 0.041955
0.069850 0.656800 0.392069 0.045993 0.062296
0.166667 0.686847 0.259528 0.011356 0.018887
0.000000 0.000000 0.250000 0.000000 0.000000
0.135135 0.714575 0.484940 0.066835 0.078603
0.084487 0.644089 0.289295 0.021323 0.034013
0.048695 0.695951 0.435196 0.037160 0.050387
0.240952 0.714195 0.279573 0.159167 0.202417
0.238434 0.683701 0.227508 0.032657 0.047916
0.159705 0.629948 0.249242 0.044439 0.061454
0.272025 0.725259 0.348041 0.132056 0.190557
0.242009 0.691542 0.201267 0.068897 0.091346
0.225256 0.664780 0.176646 0.010953 0.016132
0.219925 0.665297 0.215738 0.056890 0.077994
0.133101 0.666707 0.205410 0.010105 0.014740
0.213043 0.715096 0.360143 0.057050 0.087353
0.218143 0.713610 0.360143 0.057050 0.087353
0.218143 0.713017 0.360143 0.057050 0.087353
0.218143 0.715417 0.360143 0.057050 0.087353
0.210066 0.707677 0.360143 0.057050 0.087353
0.221505 0.717624 0.360143 0.061028 0.087353
0.226496 0.716120 0.360143 0.061028 0.087353
0.226496 0.715018 0.360143 0.061028 0.087353
0.226496 0.718216 0.360143 0.061028 0.087353
0.216450 0.711881 0.360143 0.061028 0.087353
0.216891 0.710945 0.280656 0.061028 0.087353
0.206759 0.683718 0.212191 0.011341 0.019127
0.171315 0.702160 0.236105 0.005668 0.007965
0.221519 0.708359 0.280656 0.061028 0.087353
0.166333 0.693208 0.236105 0.005668 0.007965
0.219873 0.710113 0.280656 0.061028 0.087353
0.162651 0.691652 0.236105 0.005668 0.007965
0.213220 0.710261 0.280656 0.061028 0.087353
0.159274 0.692745 0.236105 0.005668 0.007965
0.207877 0.705020 0.360143 0.061028 0.087353
0.191288 0.682684 0.186501 0.006158 0.007761
0.150515 0.676600 0.236105 0.005668 0.007965
0.158436 0.682251 0.236105 0.005668 0.007965
0.150206 0.682173 0.236105 0.005668 0.007965
0.213043 0.708816 0.360143 0.061028 0.087353
0.217095 0.667823 0.171741 0.061678 0.092367
0.165333 0.708527 0.297491 0.010979 0.023394
0.126126 0.663860 0.433567 0.072351 0.099293
0.085817 0.712528 0.272157 0.042393 0.063076
0.217852 0.668237 0.171741 0.061678 0.092367
0.165333 0.708527 0.297491 0.010979 0.023394
0.126126 0.663860 0.433567 0.072351 0.099293
0.085733 0.712525 0.272157 0.042393 0.063076
0.217852 0.667643 0.171741 0.061678 0.092367
0.165333 0.708527 0.297491 0.010979 0.023394
0.126126 0.663860 0.433567 0.072351 0.099293
0.085650 0.711969 0.272157 0.042393 0.063076
0.217095 0.667628 0.171741 0.061678 0.092367
0.165333 0.708527 0.297491 0.010979 0.023394
0.126126 0.663860 0.433567 0.072351 0.099293
0.085733 0.711259 0.272157 0.042393 0.063076
0.097175 0.607923 0.418712 0.047953 0.062239
0.115349 0.637208 0.275728 0.033652 0.053057
0.217095 0.667645 0.171741 0.061678 0.092367
0.165333 0.708527 0.297491 0.010979 0.023394
0.126126 0.663860 0.433567 0.072351 0.099293
0.085817 0.711613 0.272157 0.042393 0.063076
0.217852 0.668000 0.171741 0.061678 0.092367
0.165333 0.708527 0.297491 0.010979 0.023394
0.126126 0.663860 0.433567 0.072351 0.099293
0.085817 0.711383 0.272157 0.042393 0.063076
0.217095 0.667348 0.171741 0.061678 0.092367
0.165333 0.708527 0.297491 0.010979 0.023394
0.126126 0.663860 0.433567 0.072351 0.099293
0.085983 0.711638 0.272157 0.042393 0.063076
0.217095 0.667745 0.171741 0.061678 0.092367
0.165333 0.708527 0.297491 0.010979 0.023394
0.126126 0.663860 0.433567 0.072351 0.099293
0.085733 0.710547 0.272157 0.042393 0.063076
0.123804 0.669961 0.224803 0.032400 0.051103
0.217852 0.668596 0.171741 0.061678 0.092367
0.165333 0.708527 0.297491 0.010979 0.023394
0.126126 0.663860 0.433567 0.072351 0.099293
0.085567 0.711028 0.272157 0.042393 0.063076
0.124074 0.667737 0.226721 0.032400 0.051386
0.217095 0.667796 0.171741 0.061678 0.092367
0.165333 0.708527 0.297491 0.010979 0.023394
0.126126 0.663860 0.433567 0.072351 0.099293
0.085733 0.711629 0.272157 0.042393 0.063076
0.217852 0.668330 0.171741 0.061678 0.092367
0.165333 0.708527 0.297491 0.010979 0.023394
0.126126 0.663860 0.433567 0.072351 0.099293
0.085733 0.711070 0.272157 0.042393 0.063076
0.217095 0.668289 0.171741 0.061678 0.092367
0.165333 0.708527 0.297491 0.010979 0.023394
0.126126 0.663860 0.433567 0.072351 0.099293
0.085733 0.711589 0.272157 0.042393 0.063076
0.217095 0.668155 0.171741 0.061678 0.092367
0.165333 0.708527 0.297491 0.010979 0.023394
0.126126 0.663860 0.433567 0.072351 0.099293
0.085650 0.711992 0.272157 0.042393 0.063076
0.124074 0.668191 0.226721 0.032400 0.051386
0.145678 0.718708 0.191384 0.080061 0.106462
0.184820 0.732836 0.282217 0.107166 0.136661
0.136558 0.730082 0.343316 0.099715 0.122334
0.000000 0.000000 0.250000 0.000000 0.000000
0.088469 0.754811 0.264043 0.057189 0.067373
0.128961 0.643438 0.164414 0.030062 0.039591
0.094284 0.704054 0.263720 0.052103 0.062982
0.000000 0.000000 0.250000 0.000000 0.000000
0.000000 0.000000 0.250000 0.000000 0.000000
0.176365 0.773453 0.204799 0.123848 0.148817
0.247314 0.773498 0.203970 0.182275 0.215023
0.184096 0.771255 0.341286 0.143863 0.168880
0.227258 0.800306 0.283388 0.178215 0.206287
0.000000 0.000000 0.250000 0.000000 0.000000
0.070578 0.682895 0.173759 0.026313 0.035374
0.165077 0.758572 0.274923 0.115470 0.140442
0.220118 0.785386 0.282695 0.166814 0.193576
0.145477 0.718338 0.191384 0.080061 0.106462
0.187006 0.733719 0.283684 0.108336 0.138004
0.136558 0.727701 0.343316 0.099715 0.122334
0.000000 0.000000 0.250000 0.000000 0.000000
0.070434 0.682835 0.173759 0.026313 0.035374
0.170235 0.754803 0.275987 0.116143 0.141236
0.214439 0.788588 0.284405 0.167914 0.194815
0.000000 0.000000 0.250000 0.000000 0.000000
0.089059 0.753489 0.264017 0.056983 0.067158
0.128224 0.644047 0.164414 0.030062 0.039591
0.094085 0.703755 0.263720 0.052103 0.062982
0.000000 0.000000 0.250000 0.000000 0.000000
0.000000 0.000000 0.250000 0.000000 0.000000
0.000000 0.000000 0.250000 0.000000 0.000000
0.000000 0.000000 0.250000 0.000000 0.000000
0.000000 0.000000 0.250000 0.000000 0.000000
0.175309 0.776261 0.193490 0.122440 0.147146
0.244385 0.773202 0.203358 0.181633 0.214272
0.184819 0.769372 0.341286 0.143863 0.168880
0.226591 0.799705 0.281432 0.176682 0.204557
0.204188 0.717629 0.335929 0.102112 0.135312
0.000000 0.000000 0.250000 0.000000 0.000000
0.000000 0.000000 0.250000 0.000000 0.000000
0.000000 0.000000 0.250000 0.000000 0.000000
0.138600 0.717555 0.196854 0.033714 0.042242
0.000000 0.000000 0.250000 0.000000 0.000000
0.000000 0.000000 0.250000 0.000000 0.000000
0.000000 0.000000 0.250000 0.000000 0.000000
0.000000 0.000000 0.250000 0.000000 0.000000
0.041586 0.705644 0.243199 0.014064 0.021601
0.000000 0.000000 0.250000 0.000000 0.000000
0.000000 0.000000 0.250000 0.000000 0.000000
0.000000 0.000000 0.250000 0.000000 0.000000
0.076121 0.617153 0.179824 0.006961 0.012792
0.293986 0.685831 0.134508 0.024095 0.041227
0.220905 0.642066 0.198663 0.017534 0.026082
0.000000 0.000000 0.250000 0.000000 0.000000
0.000000 0.000000 0.250000 0.000000 0.000000
0.000000 0.000000 0.250000 0.000000 0.000000
0.000000 0.000000 0.250000 0.000000 0.000000
0.138600 0.717555 0.196854 0.033714 0.042242
0.000000 0.000000 0.250000 0.000000 0.000000
0.000000 0.000000 0.250000 0.000000 0.000000
0.000000 0.000000 0.250000 0.000000 0.000000
0.000000 0.000000 0.250000 0.000000 0.000000
0.041653 0.705507 0.243199 0.014064 0.021601
0.000000 0.000000 0.250000 0.000000 0.000000
0.000000 0.000000 0.250000 0.000000 0.000000
0.000000 0.000000 0.250000 0.000000 0.000000
0.075805 0.617325 0.179824 0.006961 0.012792
0.294181 0.685337 0.134508 0.024095 0.041227
0.220905 0.641646 0.198663 0.017534 0.026082
0.000000 0.000000 0.250000 0.000000 0.000000
0.000000 0.000000 0.250000 0.000000 0.000000
0.000000 0.000000 0.250000 0.000000 0.000000
0.000000 0.000000 0.250000 0.000000 0.000000
0.138600 0.717555 0.196854 0.033714 0.042242
0.000000 0.000000 0.250000 0.000000 0.000000
0.000000 0.000000 0.250000 0.000000 0.000000
0.000000 0.000000 0.250000 0.000000 0.000000
0.000000 0.000000 0.250000 0.000000 0.000000
0.041653 0.705096 0.243199 0.014064 0.021601
0.000000 0.000000 0.250000 0.000000 0.000000
0.000000 0.000000 0.250000 0.000000 0.000000
0.000000 0.000000 0.250000 0.000000 0.000000
0.075490 0.617013 0.179824 0.006961 0.012792
0.294181 0.685900 0.134508 0.024095 0.041227
0.220905 0.642012 0.198663 0.017534 0.026082
0.000000 0.000000 0.250000 0.000000 0.000000
0.179796 0.799243 0.398005 0.150986 0.166343
0.000000 0.000000 0.250000 0.000000 0.000000
0.055100 0.595248 0.255718 0.005144 0.006937
0.000000 0.000000 0.250000 0.000000 0.000000
0.000000 0.000000 0.250000 0.000000 0.000000
0.000000 0.000000 0.250000 0.000000 0.000000
0.000000 0.000000 0.250000 0.000000 0.000000
0.000000 0.000000 0.250000 0.000000 0.000000
0.197775 0.665126 0.226728 0.030368 0.043861
0.000000 0.000000 0.250000 0.000000 0.000000
0.000000 0.000000 0.250000 0.000000 0.000000
0.041215 0.588747 0.328759 0.012256 0.017445
0.059875 0.678811 0.230494 0.019257 0.028458
0.144963 0.700387 0.244920 0.014183 0.021861
0.036730 0.608656 0.149044 0.006115 0.008959
0.036730 0.607658 0.149044 0.006115 0.008959
0.036730 0.606594 0.149044 0.006115 0.008959
0.000000 0.000000 0.250000 0.000000 0.000000
0.000000 0.000000 0.250000 0.000000 0.000000
0.000000 0.000000 0.250000 0.000000 0.000000
0.000000 0.000000 0.250000 0.000000 0.000000
0.000000 0.000000 0.250000 0.000000 0.000000
0.160457 0.775907 0.378066 0.133786 0.159576
0.000000 0.000000 0.250000 0.000000 0.000000
0.131351 0.623974 0.122916 0.026200 0.043403
0.000000 0.000000 0.250000 0.000000 0.000000
0.000000 0.000000 0.250000 0.000000 0.000000
0.191508 0.704570 0.330652 0.116950 0.145204
0.191674 0.703554 0.330652 0.116950 0.145204
0.000000 0.000000 0.250000 0.000000 0.000000
0.000000 0.000000 0.250000 0.000000 0.000000
0.000000 0.000000 0.250000 0.000000 0.000000
0.078883 0.719824 0.248332 0.034889 0.046933
0.000000 0.000000 0.250000 0.000000 0.000000
0.056487 0.729855 0.341258 0.043658 0.056902
0.000000 0.000000 0.250000 0.000000 0.000000
0.000000 0.000000 0.250000 0.000000 0.000000
0.000000 0.000000 0.250000 0.000000 0.000000
0.000000 0.000000 0.250000 0.000000 0.000000
0.000000 0.000000 0.250000 0.000000 0.000000
0.117284 0.626565 0.152102 0.011262 0.021162
0.148273 0.753664 0.232432 0.096207 0.111817
0.205974 0.738587 0.184427 0.140206 0.177498
0.160515 0.717151 0.255572 0.092495 0.125047
0.000000 0.000000 0.250000 0.000000 0.000000
0.000000 0.000000 0.250000 0.000000 0.000000
0.170187 0.731974 0.357084 0.085764 0.109112
0.000000 0.000000 0.250000 0.000000 0.000000
0.000000 0.000000 0.250000 0.000000 0.000000
0.000000 0.000000 0.250000 0.000000 0.000000
0.000000 0.000000 0.250000 0.000000 0.000000
0.000000 0.000000 0.250000 0.000000 0.000000
0.000000 0.000000 0.250000 0.000000 0.000000
0.000000 0.000000 0.250000 0.000000 0.000000
0.000000 0.000000 0.250000 0.000000 0.000000
0.187719 0.687588 0.184734 0.053003 0.074782
0.100510 0.660271 0.272095 0.051293 0.068674
0.176944 0.691563 0.295245 0.042644 0.066343
0.045869 0.606904 0.255483 0.008768 0.013842
0.045137 0.589009 0.288729 0.008294 0.013340
0.127451 0.659476 0.144229 0.035853 0.050536
0.108761 0.681916 0.435009 0.044979 0.071527
0.101562 0.619453 0.269501 0.006143 0.011613
0.103839 0.611025 0.276161 0.015919 0.032206
0.131081 0.661611 0.260431 0.023920 0.034759
0.139744 0.656081 0.281145 0.022019 0.033070
0.066880 0.618403 0.219601 0.014999 0.021814
0.123670 0.663751 0.210089 0.033936 0.053256
0.244080 0.690984 0.166248 0.018620 0.028728
0.207904 0.664050 0.295390 0.037381 0.053882
0.191558 0.646223 0.252259 0.011136 0.017568
0.153948 0.673841 0.373485 0.030800 0.042992
0.119213 0.653478 0.329993 0.013456 0.017684
0.112500 0.643742 0.363129 0.032401 0.041879
0.153962 0.727402 0.353827 0.061987 0.082749
0.179623 0.698189 0.325006 0.051748 0.067600
0.140409 0.643479 0.256941 0.021738 0.033976
0.088805 0.613795 0.307277 0.019026 0.028410
0.225241 0.714831 0.250363 0.111677 0.148301
0.000000 0.000000 0.250000 0.000000 0.000000
0.000000 0.000000 0.250000 0.000000 0.000000
0.000000 0.000000 0.250000 0.000000 0.000000
0.000000 0.000000 0.250000 0.000000 0.000000
0.149278 0.719578 0.215831 0.047147 0.062749
0.000000 0.000000 0.250000 0.000000 0.000000
0.000000 0.000000 0.250000 0.000000 0.000000
0.000000 0.000000 0.250000 0.000000 0.000000
0.000000 0.000000 0.250000 0.000000 0.000000
0.000000 0.000000 0.250000 0.000000 0.000000
0.000000 0.000000 0.250000 0.000000 0.000000
0.000000 0.000000 0.250000 0.000000 0.000000
0.235131 0.691490 0.272094 0.034554 0.056551
0.000000 0.000000 0.250000 0.000000 0.000000
0.000000 0.000000 0.250000 0.000000 0.000000
0.000000 0.000000 0.250000 0.000000 0.000000
0.000000 0.000000 0.250000 0.000000 0.000000
0.000000 0.000000 0.250000 0.000000 0.000000
0.000000 0.000000 0.250000 0.000000 0.000000
0.000000 0.000000 0.250000 0.000000 0.000000
0.000000 0.000000 0.250000 0.000000 0.000000
0.000000 0.000000 0.250000 0.000000 0.000000
0.000000 0.000000 0.250000 0.000000 0.000000
0.000000 0.000000 0.250000 0.000000 0.000000
0.000000 0.000000 0.250000 0.000000 0.000000
0.000000 0.000000 0.250000 0.000000 0.000000
0.000000 0.000000 0.250000 0.000000 0.000000
0.000000 0.000000 0.250000 0.000000 0.000000
0.000000 0.000000 0.250000 0.000000 0.000000
0.000000 0.000000 0.250000 0.000000 0.000000
0.000000 0.000000 0.250000 0.000000 0.000000
0.000000 0.000000 0.250000 0.000000 0.000000
0.242830 0.719213 0.200356 0.023353 0.047718
0.161685 0.627938 0.121321 0.007638 0.013218
0.185464 0.688827 0.259046 0.014200 0.018912
0.176796 0.680443 0.244127 0.033579 0.053145
0.204539 0.705904 0.132070 0.028604 0.050552
0.000000 0.000000 0.250000 0.000000 0.000000
0.149533 0.717642 0.215827 0.047476 0.063234
0.116114 0.653911 0.264596 0.008710 0.015392
0.157248 0.680320 0.261343 0.008242 0.019579
0.116114 0.653911 0.264596 0.008710 0.015392
0.157248 0.680320 0.261343 0.008242 0.019579
0.083643 0.675937 0.251820 0.026898 0.036351
0.107417 0.621271 0.224733 0.009251 0.012100
0.078707 0.675573 0.253809 0.016361 0.020194
0.158807 0.736169 0.217093 0.038118 0.045951
0.124171 0.660468 0.327438 0.065048 0.086250
0.076923 0.610528 0.171303 0.005640 0.007255
0.069568 0.675682 0.268391 0.012658 0.015638
0.152288 0.736386 0.202674 0.037829 0.045341
0.124171 0.660468 0.327438 0.065048 0.086250
0.022899 0.638839 0.364376 0.014748 0.021202
0.097169 0.729338 0.283397 0.074059 0.096549
0.179035 0.730335 0.279620 0.109231 0.142988
0.143037 0.683076 0.224066 0.049688 0.074389
0.000000 0.000000 0.250000 0.000000 0.000000
0.000000 0.000000 0.250000 0.000000 0.000000
0.011442 0.609750 0.223372 0.001350 0.001932
0.217753 0.645247 0.185777 0.015320 0.023375
0.107417 0.620759 0.224733 0.009251 0.012100
0.079058 0.676214 0.253809 0.016361 0.020194
0.159154 0.735866 0.217093 0.038118 0.045951
0.124171 0.660468 0.327438 0.065048 0.086250
0.075824 0.609755 0.171303 0.005640 0.007255
0.069261 0.674448 0.268391 0.012658 0.015638
0.152288 0.735775 0.202674 0.037829 0.045341
0.124171 0.660468 0.327438 0.065048 0.086250
0.000000 0.000000 0.250000 0.000000 0.000000
0.000000 0.000000 0.250000 0.000000 0.000000
0.121091 0.723192 0.197418 0.050248 0.070995
0.186898 0.651608 0.214258 0.050741 0.074065
0.000000 0.000000 0.250000 0.000000 0.000000
0.000000 0.000000 0.250000 0.000000 0.000000
0.000000 0.000000 0.250000 0.000000 0.000000
0.285714 0.644280 0.262813 0.000000 0.070809
0.000000 0.000000 0.250000 0.000000 0.000000
0.134925 0.678924 0.219084 0.069312 0.084631
0.000000 0.000000 0.250000 0.000000 0.000000
0.000000 0.000000 0.250000 0.000000 0.000000
0.000000 0.000000 0.250000 0.000000 0.000000
0.000000 0.000000 0.250000 0.000000 0.000000
0.127976 0.644346 0.284870 0.016539 0.023313
0.183024 0.666039 0.256026 0.005562 0.009781
0.216336 0.704492 0.162871 0.033736 0.049665
0.166667 0.677176 0.417243 0.053490 0.073665
0.250000 0.698870 0.258144 0.032203 0.050913
0.041741 0.661915 0.252355 0.016537 0.025264
0.127976 0.644346 0.284870 0.016539 0.023313
0.183024 0.666039 0.256026 0.005562 0.009781
0.216336 0.704492 0.162871 0.033736 0.049665
0.166667 0.677176 0.417243 0.053490 0.073665
0.250000 0.698870 0.258144 0.032203 0.050913
0.000000 0.000000 0.250000 0.000000 0.000000
0.161765 0.703403 0.308509 0.050983 0.067509
0.107417 0.620321 0.224733 0.009251 0.012100
0.078707 0.674559 0.253809 0.016361 0.020194
0.159154 0.735612 0.217093 0.038118 0.045951
0.124171 0.660468 0.327438 0.065048 0.086250
0.075824 0.609292 0.171303 0.005640 0.007255
0.069568 0.675498 0.268391 0.012658 0.015638
0.152288 0.735613 0.202674 0.037829 0.045341
0.124171 0.660468 0.327438 0.065048 0.086250
0.174419 0.649384 0.198813 0.014161 0.025608
0.190211 0.682383 0.312472 0.089304 0.118811
0.116667 0.622366 0.288579 0.035606 0.048494
0.123595 0.624048 0.238516 0.016962 0.021986
0.129496 0.675783 0.123263 0.066734 0.089555
0.205240 0.712610 0.322298 0.079454 0.104485
0.169231 0.683748 0.287899 0.020947 0.043195
0.149354 0.655904 0.139210 0.024750 0.036204
0.078886 0.612364 0.248728 0.025851 0.036305
0.223636 0.677476 0.235479 0.033524 0.062661
0.114525 0.671783 0.348635 0.011700 0.017775
0.209830 0.667818 0.145302 0.009737 0.014578
0.209830 0.667590 0.145302 0.009737 0.014578
0.192790 0.658879 0.096089 0.003338 0.008753
0.197133 0.711473 0.087849 0.022194 0.031575
0.157095 0.656464 0.074670 0.002277 0.004258
0.165810 0.699226 0.117997 0.016627 0.029056
0.180668 0.685826 0.102171 0.011684 0.022122
0.178082 0.684270 0.202754 0.010399 0.020062
0.117916 0.678244 0.057324 0.003625 0.006918
0.269888 0.710203 0.173111 0.087159 0.125125
0.073073 0.702725 0.189663 0.026982 0.041439
0.136150 0.667468 0.175872 0.048015 0.068202
0.139452 0.640358 0.264290 0.012007 0.015312
0.234153 0.685013 0.107655 0.038731 0.053301
0.163158 0.691718 0.126101 0.045275 0.071182
0.150685 0.628223 0.256815 0.024736 0.041825
0.187124 0.681772 0.125253 0.043391 0.068533
0.231730 0.699384 0.147093 0.068933 0.096613
0.193400 0.665144 0.280801 0.056723 0.086181
0.133231 0.685185 0.314428 0.052108 0.068031
0.139918 0.690666 0.300080 0.052513 0.071222
0.248219 0.704000 0.197935 0.063805 0.099727
0.231595 0.696577 0.193602 0.065312 0.096490
0.192844 0.681473 0.154712 0.049805 0.068018
0.216362 0.675704 0.065802 0.019521 0.032185
0.185671 0.673399 0.212124 0.077669 0.108191
0.184476 0.676876 0.212124 0.077669 0.108191
0.207661 0.683013 0.306128 0.118853 0.156549
0.207661 0.681523 0.306128 0.118853 0.156549
0.109175 0.641677 0.202264 0.030029 0.046536
0.198187 0.661659 0.179221 0.037244 0.059911
0.200474 0.693448 0.188041 0.040571 0.061546
0.140000 0.654741 0.263807 0.016592 0.026033
0.215557 0.681641 0.223690 0.050352 0.071689
0.159061 0.656294 0.264572 0.029144 0.039180
0.158621 0.667737 0.147095 0.046922 0.062948
0.000000 0.000000 0.250000 0.000000 0.000000
0.147059 0.668239 0.223546 0.008377 0.013768
0.174312 0.671539 0.228079 0.034852 0.046642
0.217105 0.654297 0.065554 0.005144 0.009227
0.182207 0.656218 0.143544 0.028853 0.041854
0.146580 0.660436 0.330688 0.027396 0.035343
0.111064 0.653282 0.191693 0.032864 0.047959
0.132391 0.598471 0.181412 0.002348 0.003864
0.134921 0.691028 0.285805 0.009649 0.018220
0.164557 0.658040 0.079033 0.004460 0.009277
0.087971 0.619378 0.387827 0.006464 0.012284
0.262175 0.741716 0.126845 0.060189 0.076779
0.132037 0.610605 0.255449 0.029955 0.045977
0.075320 0.657485 0.412194 0.037480 0.061505
0.088235 0.676143 0.355697 0.059645 0.086037
0.057050 0.673542 0.223124 0.015728 0.025164
0.162271 0.714939 0.169562 0.101697 0.125977
0.200330 0.701748 0.247469 0.120611 0.165890
0.115361 0.644108 0.114706 0.027724 0.040687
0.200924 0.718393 0.167330 0.050316 0.063960
0.203233 0.727308 0.167330 0.050316 0.063960
0.175309 0.686039 0.293812 0.016252 0.020820
0.142500 0.672643 0.334502 0.029816 0.039152
0.117209 0.668043 0.398909 0.069592 0.094789
0.114878 0.655400 0.272354 0.033239 0.042833
0.191558 0.676141 0.274583 0.052492 0.070549
0.181152 0.721346 0.383595 0.132503 0.160643
0.173868 0.720470 0.394186 0.121494 0.147528
0.231321 0.785746 0.287158 0.172959 0.207573
0.111685 0.656548 0.224541 0.052970 0.071565
0.183556 0.673709 0.208581 0.088246 0.119328
0.184691 0.690533 0.227267 0.084292 0.115333
0.165143 0.693311 0.284734 0.069324 0.085420
0.190269 0.680126 0.290468 0.093631 0.120736
0.000000 0.000000 0.250000 0.000000 0.000000
0.000000 0.000000 0.250000 0.000000 0.000000
0.000000 0.000000 0.250000 0.000000 0.000000
0.075320 0.658004 0.412194 0.037480 0.061505
0.088235 0.675065 0.355697 0.059645 0.086037
0.056444 0.674736 0.223470 0.015930 0.025472
0.162271 0.714553 0.169562 0.101697 0.125977
0.200330 0.704723 0.247469 0.120611 0.165890
0.115361 0.643461 0.114706 0.027724 0.040687
0.200924 0.718393 0.167330 0.050316 0.063960
0.203233 0.727308 0.167330 0.050316 0.063960
0.175309 0.686039 0.293812 0.016252 0.020820
0.142500 0.674033 0.334502 0.029816 0.039152
0.117209 0.667282 0.398909 0.069592 0.094789
0.114878 0.655244 0.272354 0.033239 0.042833
0.191558 0.676141 0.274583 0.052492 0.070549
0.181152 0.721480 0.383595 0.132503 0.160643
0.173868 0.720157 0.394186 0.121494 0.147528
0.231743 0.786170 0.287158 0.172959 0.207573
0.111685 0.658279 0.224541 0.052970 0.071565
0.183556 0.673286 0.208581 0.088246 0.119328
0.184691 0.688615 0.227267 0.084292 0.115333
0.165143 0.692586 0.284734 0.069324 0.085420
0.190269 0.680131 0.290468 0.093631 0.120736
0.000000 0.000000 0.250000 0.000000 0.000000
0.000000 0.000000 0.250000 0.000000 0.000000
0.000000 0.000000 0.250000 0.000000 0.000000
0.075320 0.657797 0.412194 0.037480 0.061505
0.088235 0.677041 0.355697 0.059645 0.086037
0.056444 0.673218 0.223470 0.015930 0.025472
0.162271 0.714854 0.169562 0.101697 0.125977
0.200330 0.704009 0.247469 0.120611 0.165890
0.115361 0.643837 0.114706 0.027724 0.040687
0.200924 0.718393 0.167330 0.050316 0.063960
0.203233 0.727308 0.167330 0.050316 0.063960
0.175309 0.686039 0.293812 0.016252 0.020820
0.142500 0.673168 0.334502 0.029816 0.039152
0.117209 0.666215 0.398909 0.069592 0.094789
0.114878 0.655243 0.272354 0.033239 0.042833
0.191558 0.676141 0.274583 0.052492 0.070549
0.181152 0.721066 0.383595 0.132503 0.160643
0.173868 0.720360 0.394186 0.121494 0.147528
0.231321 0.785728 0.287158 0.172959 0.207573
0.111685 0.656442 0.224541 0.052970 0.071565
0.183556 0.673833 0.208581 0.088246 0.119328
0.184691 0.690949 0.227267 0.084292 0.115333
0.165143 0.693863 0.284734 0.069324 0.085420
0.190269 0.680210 0.290468 0.093631 0.120736
0.000000 0.000000 0.250000 0.000000 0.000000
0.000000 0.000000 0.250000 0.000000 0.000000
0.000000 0.000000 0.250000 0.000000 0.000000
0.075320 0.657893 0.412194 0.037480 0.061505
0.088235 0.676051 0.355697 0.059645 0.086037
0.056444 0.672809 0.223470 0.015930 0.025472
0.162271 0.715652 0.169562 0.101697 0.125977
0.200330 0.703194 0.247469 0.120611 0.165890
0.115361 0.643307 0.114706 0.027724 0.040687
0.200924 0.718393 0.167330 0.050316 0.063960
0.203233 0.727308 0.167330 0.050316 0.063960
0.175309 0.686039 0.293812 0.016252 0.020820
0.142500 0.673430 0.334502 0.029816 0.039152
0.117209 0.668843 0.398909 0.069592 0.094789
0.114878 0.657144 0.272354 0.033239 0.042833
0.191558 0.676141 0.274583 0.052492 0.070549
0.181152 0.720637 0.383595 0.132503 0.160643
0.173868 0.721448 0.394186 0.121494 0.147528
0.231321 0.785914 0.287158 0.172959 0.207573
0.111685 0.657168 0.224541 0.052970 0.071565
0.183556 0.674266 0.208581 0.088246 0.119328
0.184691 0.690532 0.227267 0.084292 0.115333
0.165143 0.693956 0.284734 0.069324 0.085420
0.190269 0.679808 0.290468 0.093631 0.120736
0.000000 0.000000 0.250000 0.000000 0.000000
0.000000 0.000000 0.250000 0.000000 0.000000
0.000000 0.000000 0.250000 0.000000 0.000000
0.075320 0.657512 0.412194 0.037480 0.061505
0.088235 0.676823 0.355697 0.059645 0.086037
0.057050 0.673857 0.223470 0.015930 0.025472
0.162271 0.714469 0.169562 0.101697 0.125977
0.200330 0.703299 0.247469 0.120611 0.165890
0.115361 0.644683 0.114706 0.027724 0.040687
0.200924 0.718393 0.167330 0.050316 0.063960
0.203233 0.727308 0.167330 0.050316 0.063960
0.175309 0.686039 0.293812 0.016252 0.020820
0.142500 0.672526 0.334502 0.029816 0.039152
0.117209 0.666931 0.398909 0.069592 0.094789
0.114878 0.654993 0.272354 0.033239 0.042833
0.191558 0.676141 0.274583 0.052492 0.070549
0.181152 0.720473 0.383595 0.132503 0.160643
0.173868 0.719677 0.394186 0.121494 0.147528
0.231321 0.786940 0.287158 0.172959 0.207573
0.111685 0.656853 0.224541 0.052970 0.071565
0.183556 0.672438 0.208581 0.088246 0.119328
0.184691 0.692423 0.227267 0.084292 0.115333
0.165143 0.692827 0.284734 0.069324 0.085420
0.190269 0.680189 0.290468 0.093631 0.120736
0.000000 0.000000 0.250000 0.000000 0.000000
0.000000 0.000000 0.250000 0.000000 0.000000
0.000000 0.000000 0.250000 0.000000 0.000000
AVERAGE 0.130176 0.564922 0.249250 0.041358 0.056252
