1 1 0.183463 0 0 0 0 15.04 9.81 100 0
0 0 0.123251 0 0 0 0 0 0 0 0
0 0 0.200701 0 0 0 0 0 0 0 0
0 0 0.114898 0 0 0 0 0 0 0 0
1 0 0.0899123 0 0 0 0 14.52 8.91 100 0
0 0 0.130556 0 0 0 0 0 0 0 0
0 0 0 0 0 0 0 0 0 0 0
0 0 0.132502 0 0 0 0 0 0 0 0
0 0 0.0886722 0 0 0 0 0 0 0 0
0 0 0.106742 0 0 0 0 0 0 0 0
0 0 0.141026 0 0 0 0 0 0 0 0
0 0 0.0363511 0 0 0 0 0 0 0 0
0 0 0.0839784 0 0 0 0 0 0 0 0
1 0 0.151899 0 0 0 0 15.47 10.56 100 0
0 0 0.214838 0 0 0 0 0 0 0 0
0 0 0.116983 0 0 0 0 0 0 0 0
0 0 0.105368 0 0 0 0 0 0 0 0
0 0 0.199442 0 0 0 0 0 0 0 0
0 0 0.0156846 0 0 0 0 0 0 0 0
1 1 0.168627 0 0 0 0 15.75 10.52 100 0
0 0 0.0897946 0 0 0 0 0 0 0 0
0 0 0.151242 0 0 0 0 0 0 0 0
1 0 0.146796 0 0 0 0 15.64 9.81 100 0
1 1 0.176901 0 0 0 0 15.65 10.48 100 0
1 0 0.0690476 0 0 0 0 15.01 9.24 100 0
0 0 0.178108 0 0 0 0 0 0 0 0
0 0 0.182984 0 0 0 0 0 0 0 0
0 0 0.0363637 0 0 0 0 0 0 0 0
0 0 0.0347265 0 0 0 0 0 0 0 0
1 0 0.100279 0 0 0 0 14.51 8.91 100 0
1 0 0.170697 0 0 0 0 15.56 10.32 100 0
1 0 0.182759 0 0 0 0 15.02 9.35 100 0
0 0 0.159639 0 0 0 0 0 0 0 0
0 0 0.193574 0 0 0 0 0 0 0 0
1 1 0.145506 0 0 0 0 15.28 9.98 100 0
1 0 0.178649 0 0 0 0 16.38 11.21 100 0
0 0 0.119653 0 0 0 0 0 0 0 0
1 0 0.105166 0 0 0 0 14.65 9.25 100 0
0 0 0.230132 0 0 0 0 0 0 0 0
0 0 0.120573 0 0 0 0 0 0 0 0
0 0 0.0408377 0 0 0 0 0 0 0 0
0 0 0.132167 0 0 0 0 0 0 0 0
1 0 0.184109 0 0 0 0 15.18 9.94 100 0
0 0 0.0166141 0 0 0 0 0 0 0 0
1 0 0.121212 0 0 0 0 15.64 10.58 100 0
0 0 0.0251346 0 0 0 0 0 0 0 0
1 0 0.191441 0 0 0 0 16.3 11.04 100 0
0 0 0.0380822 0 0 0 0 0 0 0 0
0 0 0.0629502 0 0 0 0 0 0 0 0
1 1 0.244937 0 0 0 0 15.74 10.83 80 0
0 0 0.0332481 0 0 0 0 0 0 0 0
1 0 0.201869 0 0 0 0 14.95 9.43 78.57 0
1 0 0.153846 0 0 0 0 15.68 10.63 100 0
0 0 0.231094 0 0 0 0 0 0 0 0
0 0 0.0314462 0 0 0 0 0 0 0 0
0 0 0.107666 0 0 0 0 0 0 0 0
0 0 0.055872 0 0 0 0 0 0 0 0
1 0 0.183499 0 0 0 0 15.53 10.39 100 0
0 0 0.0315635 0 0 0 0 0 0 0 0
0 0 0.137735 0 0 0 0 0 0 0 0
0 0 0.0937115 0 0 0 0 0 0 0 0
0 0 0.147736 0 0 0 0 0 0 0 0
1 1 0.186332 0 0 0 0 16.97 12.39 100 0
0 0 0.0457495 0 0 0 0 0 0 0 0
0 0 0.147246 0 0 0 0 0 0 0 0
1 0 0.233993 0 0 0 0 15.8 11.28 100 0
0 0 0.0373996 0 0 0 0 0 0 0 0
0 0 0.190018 0 0 0 0 0 0 0 0
0 0 0.135169 0 0 0 0 0 0 0 0
1 0 0.188659 0 0 0 0 15.86 11.23 100 0
0 0 0.0789866 0 0 0 0 0 0 0 0
1 0 0.2096 0 0 0 0 15.83 10.91 100 0
0 0 0.202393 0 0 0 0 0 0 0 0
1 0 0.138375 0 0 0 0 15.14 9.12 100 0
1 0 0.171073 0 0 0 0 14.98 9.72 100 0
0 0 0.119707 0 0 0 0 0 0 0 0
1 0 0.157407 0 0 0 0 14.92 8.98 54.55 0
0 0 0.178014 0 0 0 0 0 0 0 0
0 0 0.153203 0 0 0 0 0 0 0 0
0 0 0.0637376 0 0 0 0 0 0 0 0
0 0 0.153398 0 0 0 0 0 0 0 0
0 0 0.126946 0 0 0 0 0 0 0 0
0 0 0.0658815 0 0 0 0 0 0 0 0
0 0 0.203146 0 0 0 0 0 0 0 0
0 0 0.159506 0 0 0 0 0 0 0 0
1 0 0.180581 0 0 0 0 15.67 9.78 74.19 0
0 0 0.0761023 0 0 0 0 0 0 0 0
1 0 0.185239 0 0 0 0 15.39 10.65 100 0
1 1 0.213504 0 0 0 0 16.08 11.12 100 0
0 0 0.141012 0 0 0 0 0 0 0 0
0 0 0.0276882 0 0 0 0 0 0 0 0
1 1 0.156746 0 0 0 0 15.53 10.31 100 0
0 0 0.136171 0 0 0 0 0 0 0 0
0 0 0.0186819 0 0 0 0 0 0 0 0
0 0 0.131434 0 0 0 0 0 0 0 0
0 0 0.0331969 0 0 0 0 0 0 0 0
0 0 0.163154 0 0 0 0 0 0 0 0
0 0 0.0414023 0 0 0 0 0 0 0 0
0 0 0.0237002 0 0 0 0 0 0 0 0
0 0 0.126297 0 0 0 0 0 0 0 0
0 0 0.0508255 0 0 0 0 0 0 0 0
0 0 0.0943144 0 0 0 0 0 0 0 0
1 1 0.17737 0 0 0 0 14.79 8.95 100 0
0 0 0.0855095 0 0 0 0 0 0 0 0
0 0 0.162986 0 0 0 0 0 0 0 0
0 0 0.0678098 0 0 0 0 0 0 0 0
0 0 0.151591 0 0 0 0 0 0 0 0
0 0 0.195908 0 0 0 0 0 0 0 0
0 0 0.0210877 0 0 0 0 0 0 0 0
1 0 0.144975 0 0 0 0 14.77 9.08 30 0
0 0 0.225877 0 0 0 0 0 0 0 0
1 0 0.190191 0 0 0 0 16.01 10.7 84.62 0
0 0 0.0840925 0 0 0 0 0 0 0 0
0 0 0.125581 0 0 0 0 0 0 0 0
1 1 0.164348 0 0 0 0 15.42 10.66 100 0
1 0 0.0889488 0 0 0 0 14.44 8.91 100 0
