0.183463 0.667896 0.102223 0.007692 0.010225
0.123251 0.647585 0.191337 0.017055 0.022408
0.200701 0.676624 0.240638 0.086119 0.114094
0.114898 0.622324 0.163584 0.011283 0.015256
0.089912 0.662382 0.266826 0.014392 0.019216
0.130556 0.667968 0.189456 0.047928 0.069768
0.000000 0.000000 0.250000 0.000000 0.000000
0.132502 0.640384 0.211966 0.018321 0.026691
0.088672 0.652424 0.142089 0.009080 0.017715
0.106742 0.624908 0.181427 0.027688 0.037747
0.141026 0.634906 0.104246 0.010605 0.013130
0.036351 0.593552 0.287901 0.002323 0.003020
0.083978 0.662409 0.158064 0.022611 0.032146
0.151899 0.660208 0.215322 0.034292 0.049121
0.214838 0.657342 0.136846 0.034265 0.050978
0.116983 0.672211 0.189927 0.020909 0.035200
0.105368 0.693599 0.160211 0.034905 0.049656
0.199442 0.677537 0.186780 0.055075 0.076696
0.015685 0.664393 0.210128 0.006306 0.008605
0.168627 0.637764 0.275105 0.031795 0.040648
0.089795 0.663407 0.153634 0.010921 0.016296
0.151242 0.690608 0.267125 0.063889 0.084878
0.146796 0.627279 0.192792 0.018998 0.026057
0.176901 0.661642 0.241995 0.035365 0.046661
0.069048 0.617180 0.219911 0.006241 0.008605
0.178108 0.633800 0.220541 0.039062 0.062796
0.182984 0.652165 0.173099 0.031753 0.042283
0.036364 0.595476 0.324221 0.003588 0.004959
0.034727 0.668194 0.127486 0.004870 0.006930
0.100279 0.663114 0.350240 0.013987 0.019101
0.170697 0.638970 0.276889 0.033139 0.049779
0.182759 0.629896 0.213518 0.036131 0.050658
0.159639 0.663055 0.209301 0.077148 0.099993
0.193574 0.662646 0.200728 0.046155 0.062858
0.145506 0.668931 0.238154 0.028596 0.038764
0.178649 0.663840 0.176033 0.033212 0.046434
0.119653 0.676137 0.273001 0.036807 0.051604
0.105166 0.622713 0.254878 0.005172 0.007597
0.230132 0.659955 0.147894 0.027177 0.046094
0.120573 0.640413 0.195111 0.020852 0.032579
0.040838 0.631626 0.138824 0.004872 0.006584
0.132167 0.669905 0.167815 0.039347 0.061082
0.184109 0.671484 0.244501 0.034034 0.047594
0.016614 0.592093 0.229395 0.001320 0.001904
0.121212 0.608543 0.112444 0.007629 0.010700
0.025135 0.642198 0.260797 0.005428 0.006639
0.191441 0.645283 0.256912 0.043031 0.060023
0.038082 0.614081 0.174282 0.003553 0.005013
0.062950 0.630209 0.178423 0.011764 0.017605
0.244937 0.689239 0.186637 0.059308 0.083069
0.033248 0.587337 0.207059 0.004704 0.007710
0.201869 0.681703 0.222648 0.037531 0.056106
0.153846 0.640172 0.246411 0.034872 0.049301
0.231094 0.693357 0.145123 0.055345 0.079382
0.031446 0.679858 0.152681 0.004955 0.007999
0.107666 0.641274 0.194962 0.021755 0.031377
0.055872 0.630423 0.212216 0.008715 0.012372
0.183499 0.641851 0.296555 0.063336 0.084948
0.031564 0.621577 0.270007 0.002466 0.003210
0.137735 0.677939 0.128363 0.030038 0.047066
0.093712 0.616322 0.243341 0.015517 0.021970
0.147736 0.613454 0.217556 0.010639 0.015433
0.186332 0.674544 0.125855 0.051411 0.075535
0.045749 0.643159 0.235674 0.009100 0.012294
0.147246 0.655658 0.254166 0.037244 0.047772
0.233993 0.658565 0.240201 0.072105 0.107173
0.037400 0.619933 0.270818 0.007592 0.009731
0.190018 0.652325 0.196186 0.051186 0.066991
0.135169 0.708699 0.184830 0.038722 0.054797
0.188659 0.649052 0.206989 0.039104 0.056444
0.078987 0.659921 0.158741 0.009887 0.015308
0.209600 0.672095 0.209902 0.024182 0.031440
0.202393 0.638387 0.172769 0.045293 0.066932
0.138375 0.625560 0.169051 0.049007 0.065172
0.171073 0.671813 0.273635 0.013791 0.018754
0.119707 0.656039 0.258015 0.043492 0.058033
0.157407 0.620273 0.164886 0.028875 0.040809
0.178014 0.692366 0.179119 0.059283 0.083046
0.153203 0.678487 0.187684 0.046717 0.067652
0.063738 0.649361 0.188979 0.008972 0.013605
0.153398 0.672394 0.241084 0.059724 0.082778
0.126946 0.671646 0.238302 0.024553 0.038813
0.065881 0.651738 0.257947 0.014283 0.019349
0.203146 0.670542 0.179097 0.047250 0.065517
0.159506 0.658238 0.193055 0.040204 0.057410
0.180581 0.704202 0.159916 0.042445 0.061706
0.076102 0.661530 0.150737 0.020936 0.031321
0.185239 0.667144 0.216860 0.042843 0.056490
0.213504 0.633864 0.204313 0.038022 0.053120
0.141012 0.649876 0.158752 0.008129 0.014053
0.027688 0.594144 0.229935 0.002012 0.002825
0.156746 0.642578 0.220879 0.025722 0.037123
0.136171 0.689158 0.182605 0.037863 0.052933
0.018682 0.610134 0.241701 0.001956 0.002357
0.131434 0.659622 0.170387 0.022831 0.034244
0.033197 0.635805 0.287429 0.007961 0.011378
0.163154 0.646354 0.205624 0.038355 0.056052
0.041402 0.603367 0.134786 0.004545 0.006193
0.023700 0.595239 0.217507 0.001903 0.002411
0.126297 0.671597 0.183782 0.023046 0.032285
0.050826 0.685410 0.194836 0.019308 0.027177
0.094314 0.625866 0.197226 0.026545 0.037168
0.177370 0.639396 0.134633 0.013888 0.018916
0.085510 0.670133 0.138972 0.015597 0.022396
0.162986 0.635777 0.257069 0.011354 0.017056
0.067810 0.607585 0.291134 0.002713 0.003995
0.151591 0.686386 0.172838 0.041270 0.059529
0.195908 0.691057 0.215918 0.041539 0.053574
0.021088 0.611565 0.248628 0.002030 0.002509
0.144975 0.636491 0.205702 0.034318 0.050950
0.225877 0.658092 0.187121 0.054295 0.079773
0.190191 0.658455 0.188770 0.015338 0.021295
0.084093 0.624507 0.335509 0.021295 0.027675
0.125581 0.676697 0.172863 0.026723 0.038120
0.164348 0.636702 0.198845 0.024623 0.032458
0.088949 0.650932 0.269757 0.012461 0.017354
AVERAGE 0.126522 0.644364 0.206634 0.026463 0.037363
